9.933042806209554376e-01
1.000827066324861958e+00
9.845998011383604309e-01
1.001334784047944515e+00
1.001157206656539067e+00
9.944410177952668350e-01
9.916674865627189694e-01
9.948742896835284233e-01
9.945909648753551435e-01
9.861414808437648505e-01
9.989672992553817465e-01
1.003700674546265770e+00
1.007568199978248868e+00
9.984477291576885349e-01
9.995397651537417660e-01
9.958201553539881568e-01
9.992295781298008439e-01
9.949137114887340871e-01
9.912822270109448164e-01
9.929300651176568016e-01
1.007071381561134960e+00
1.018536352504752163e+00
9.924141219185864671e-01
1.001128706831022841e+00
1.011066379755912070e+00
9.927513210047892445e-01
9.948422726741696920e-01
1.002462691281358564e+00
1.003844817760411123e+00
1.017756322070267005e+00
1.012777984424078959e+00
9.937405547668113348e-01
9.941534059873358142e-01
9.793230507331752710e-01
1.007603008765138863e+00
1.023266075386083607e+00
9.977447560692546125e-01
9.838610071305118332e-01
1.001114518175049373e+00
9.870522268676614752e-01
9.983058894281434670e-01
1.001425827225900234e+00
9.918817069779254370e-01
1.008632147774768839e+00
9.979682742645555882e-01
9.938547607111006821e-01
9.960338479146906288e-01
1.011018796825612798e+00
9.869875982387326108e-01
9.923466189239751323e-01
1.004874974818698474e+00
1.013345585909303903e+00
1.006170481391605476e+00
9.985778229914284987e-01
1.003215626022487594e+00
9.902448818070299641e-01
1.004712189902145170e+00
1.022472617351559920e+00
1.002877078387957699e+00
9.903720481634266104e-01
9.877945325340742322e-01
9.970259125194476102e-01
1.009431351752661854e+00
1.006697090668444927e+00
9.776760840464500113e-01
9.999028511346342851e-01
1.002427159389123856e+00
9.919652589204416282e-01
9.922125341302897583e-01
9.976154877880257787e-01
1.014381554283906306e+00
9.880746334945684772e-01
1.002113004463830448e+00
9.902238468606673338e-01
1.014747118493890321e+00
9.992835049832399230e-01
9.725100157169076498e-01
9.957751814957203074e-01
9.939621250818583276e-01
9.947872362790646239e-01
9.306583107854928816e-01
9.153171657726066890e-01
9.386544056295345051e-01
9.246728670451209720e-01
9.252303523489507908e-01
9.210691179120096272e-01
9.194829186524033915e-01
9.366819894432572013e-01
9.377429689765046650e-01
9.322170136858396461e-01
9.231135200768114668e-01
9.339969044432143708e-01
9.386405639848491855e-01
9.367896579568575355e-01
9.201419192197638486e-01
9.440381463729889955e-01
9.156069316279845660e-01
9.314570160768418372e-01
9.252892321508432438e-01
9.303065341792342569e-01
9.220278698014844343e-01
9.327755734311624636e-01
9.306219049395778597e-01
9.258852154548689040e-01
9.167297186684701948e-01
9.298003344939517190e-01
9.478432036285286966e-01
9.362832692299087878e-01
9.339094833831893538e-01
9.389608464967613699e-01
9.257803396558849096e-01
9.236813428886471167e-01
9.282051993442727023e-01
9.305108138577542487e-01
9.180459356766040857e-01
9.192912552902874346e-01
9.334423028802845135e-01
9.294134498285335777e-01
9.274299337919996722e-01
9.227740422905489348e-01
1.006766850400415692e+00
9.990628263573072543e-01
1.005421657558108750e+00
1.012101999864690960e+00
1.005011217192068873e+00
9.898659567409042737e-01
1.003015029701282979e+00
1.012366356185786964e+00
1.008366072535514579e+00
1.005099078128085743e+00
9.948489300614454800e-01
9.893482299695529614e-01
1.001310222673895245e+00
1.000137272389998389e+00
1.002883757923858088e+00
9.882049712339330272e-01
1.004326606287421209e+00
1.000838490419833970e+00
1.014672879230441138e+00
9.929206421245456715e-01
1.013980879710086658e+00
9.903218170041921953e-01
9.856749789846939169e-01
9.879975653051388251e-01
1.005975298713536858e+00
9.891536717026356840e-01
9.916487802373156191e-01
1.004396903445251565e+00
9.922883323195862415e-01
9.828207153624001213e-01
9.950359882057107086e-01
1.002704921136301941e+00
9.961034818738293550e-01
9.993778817714098484e-01
9.998416086870022257e-01
9.963345152484102130e-01
9.915393770964052722e-01
1.014036564250835326e+00
9.990324266923387153e-01
9.960810873573231472e-01
9.969524619165743839e-01
1.006305337480449369e+00
1.011349645992518420e+00
1.003817768781568365e+00
1.012132450560624397e+00
1.007456882453169555e+00
1.004509088849799836e+00
1.016532275826905529e+00
1.017618451024023596e+00
1.003874259302891536e+00
1.003373897254177027e+00
1.015397299589947178e+00
1.005967593167551799e+00
9.998043650380343816e-01
9.992388411928008196e-01
9.949350989640282084e-01
1.005566543661014389e+00
1.000172791950112439e+00
9.947752862877923263e-01
9.948877710998058621e-01
1.015557046043881417e+00
1.007227693353474063e+00
1.009523931649140449e+00
9.762718558346783482e-01
1.010136135098184118e+00
1.000306529053377025e+00
9.984446422728225912e-01
1.005590817840257722e+00
9.766008216179213886e-01
9.953494194761011160e-01
9.992009116616780151e-01
1.005758024946373119e+00
9.967828796525339818e-01
9.964547305708770786e-01
9.969525029463509602e-01
1.014006033284619246e+00
1.013324850655861642e+00
9.908820542417161592e-01
9.909261120436581027e-01
1.009420957595654533e+00
