# JD Flux Error
2.457039600497685373e+06 9.753689522756632257e-01 2.331490082020920909e-02
2.457039600844907574e+06 9.646060381432470798e-01 2.272043472673945796e-02
2.457039601192129776e+06 9.849153503591792091e-01 2.229865525142591884e-02
2.457039601539351977e+06 9.454241251474448937e-01 2.188027077971382156e-02
2.457039601886574179e+06 9.896055659990554698e-01 2.229590262642178189e-02
2.457039602233796380e+06 1.053419759760927166e+00 2.357797950941252843e-02
2.457039602581018582e+06 9.817176571026946519e-01 2.228868591004194363e-02
2.457039602928240784e+06 1.019830172091434006e+00 2.283717049844593769e-02
2.457039603275462985e+06 1.012719271912252861e+00 2.286271565695861818e-02
2.457039603622685187e+06 1.092421374547537516e+00 2.355863870993721298e-02
2.457039603969907388e+06 1.018597482458528436e+00 2.282845235516541699e-02
2.457039604317129590e+06 1.019785000592224655e+00 2.284313193738929035e-02
2.457039604664351791e+06 9.952432949060654455e-01 2.243664368944631865e-02
2.457039605011573993e+06 9.654711068273837959e-01 2.248509575522767562e-02
2.457039605358796194e+06 9.464946377577783121e-01 2.179688171397515736e-02
2.457039605706018396e+06 9.450028554174948470e-01 2.283692593155112888e-02
2.457039606053240597e+06 9.718510463085044959e-01 2.270901165075230391e-02
2.457039606400462799e+06 1.026340893589410941e+00 2.261214600390226009e-02
2.457039606747685000e+06 1.006327557092106639e+00 2.259576873892577345e-02
2.457039607094907202e+06 9.943210198270464595e-01 2.220325450622572666e-02
2.457039607442129403e+06 1.017860374278537039e+00 2.189892226125478292e-02
2.457039607789352071e+06 9.861865787213284218e-01 2.174815251979414846e-02
2.457039608136574272e+06 9.951834782669424229e-01 2.248484791593984011e-02
2.457039608483796474e+06 1.025933951042160786e+00 2.232964180039218038e-02
2.457039608831018675e+06 1.043882450460604128e+00 2.274986664325563679e-02
2.457039609178240877e+06 9.955338896745393740e-01 2.239544954924413758e-02
2.457039609525463078e+06 1.011621253658265163e+00 2.206682016437262750e-02
2.457039609872685280e+06 9.792945936548650421e-01 2.127915829762230815e-02
2.457039610219907481e+06 9.995617849325793003e-01 2.169824304795461845e-02
2.457039610567129683e+06 1.004825762488837482e+00 2.237607504783268794e-02
2.457039610914351884e+06 9.616413316826966096e-01 2.200229577267710443e-02
2.457039611261574086e+06 1.066298662501605099e+00 2.304792279807089950e-02
2.457039611608796287e+06 9.839890009971666851e-01 2.200965882354853631e-02
2.457039611956018489e+06 9.952522171511735127e-01 2.214088751204936617e-02
2.457039612303240690e+06 1.013281494738238031e+00 2.125079696330274895e-02
2.457039612650462892e+06 1.006182530707989464e+00 2.122234005084805766e-02
2.457039612997685093e+06 1.028389312671131872e+00 2.178032412572862217e-02
2.457039613344907295e+06 9.887195862118536294e-01 2.116435354971177296e-02
2.457039613692129496e+06 9.493485429375518869e-01 2.177907780884380876e-02
2.457039614039351698e+06 9.422240220877610151e-01 2.053747253359074557e-02
2.457039614386573900e+06 9.742921079082613733e-01 2.105072184255018033e-02
2.457039614733796101e+06 1.055217860172488642e+00 2.168485832172494313e-02
2.457039615081018303e+06 1.053621976478144484e+00 2.176104562080167018e-02
2.457039615428240970e+06 9.639424422965898742e-01 2.100397302929599141e-02
2.457039615775463171e+06 9.559650019918515262e-01 2.141986209451169146e-02
2.457039616122685373e+06 9.981310537606055133e-01 2.118667939453691001e-02
2.457039616469907574e+06 9.313844052939498352e-01 2.047003729446421338e-02
2.457039616817129776e+06 1.004573913651857886e+00 2.108220251019687561e-02
2.457039617164351977e+06 1.028769993690215045e+00 2.155936443489767443e-02
2.457039617511574179e+06 9.869026531290731041e-01 2.005145212959613329e-02
2.457039617858796380e+06 1.056140224599206645e+00 2.164293219846351313e-02
2.457039618206018582e+06 1.032012015936702998e+00 2.105446601896616976e-02
2.457039618553240784e+06 9.959010393464412525e-01 2.004852376369042205e-02
2.457039618900462985e+06 9.924464510651368476e-01 2.077307594869731017e-02
2.457039619247685187e+06 1.048629466514071629e+00 1.996112260745107336e-02
2.457039619594907388e+06 1.038410388572863052e+00 2.137205875622805520e-02
2.457039619942129590e+06 9.900458935468253729e-01 2.033011633205789731e-02
2.457039620289351791e+06 9.962871771785580810e-01 2.028597215726568939e-02
2.457039620636573993e+06 1.042349774862589173e+00 2.067551111975722208e-02
2.457039620983796194e+06 9.903739248325702516e-01 2.083167580845069616e-02
2.457039621331018396e+06 1.027142840835072679e+00 2.055897702579598946e-02
2.457039621678240597e+06 1.007168200116696166e+00 2.003047381341020380e-02
2.457039622025462799e+06 1.038336999053369958e+00 2.152343746424140516e-02
2.457039622372685000e+06 1.047409158858731759e+00 2.103318566647939536e-02
2.457039622719907202e+06 1.011471639007083256e+00 2.010144493590660525e-02
2.457039623067129403e+06 9.865879259419979563e-01 1.981418464939935925e-02
2.457039623414352071e+06 9.891949285015131377e-01 2.009794719669107457e-02
2.457039623761574272e+06 9.529789485719060149e-01 1.910760644058666705e-02
2.457039624108796474e+06 9.186346679731216547e-01 1.911329967673432162e-02
2.457039624456018675e+06 9.666614756079922044e-01 1.989497100797467735e-02
2.457039624803240877e+06 1.038417222589401279e+00 2.061401584629394060e-02
2.457039625150463078e+06 1.006668484126917562e+00 1.923638362711793323e-02
2.457039625497685280e+06 9.964857322594504740e-01 2.010052896482338036e-02
2.457039625844907481e+06 1.025765281438072662e+00 1.981400384687917113e-02
2.457039626192129683e+06 9.951474725454557690e-01 1.928854850016303163e-02
2.457039626539351884e+06 9.976075420926121540e-01 1.992429266482620073e-02
2.457039626886574086e+06 1.010271568508424700e+00 1.917801690762058545e-02
2.457039627233796287e+06 1.026156977119764058e+00 2.011706704616990360e-02
2.457039627581018489e+06 9.941439148928317149e-01 1.905343056465031923e-02
2.457039627928240690e+06 1.009160875123328527e+00 1.938309085893194159e-02
2.457039628275462892e+06 9.472660226792308791e-01 1.865877489148535726e-02
2.457039628622685093e+06 1.016918405743305609e+00 1.966166469980331830e-02
2.457039628969907295e+06 1.005062430835502063e+00 1.965017664082682053e-02
2.457039629317129496e+06 1.040936410323670680e+00 1.945400317591048506e-02
2.457039629664351698e+06 9.594075665100031403e-01 1.881491337971250358e-02
2.457039630011573900e+06 9.670925923249608092e-01 1.915671233083252392e-02
2.457039630358796101e+06 9.799384017352685827e-01 1.877786967695464423e-02
2.457039630706018303e+06 1.046166861010171312e+00 1.930756934142854875e-02
2.457039631053240970e+06 9.817290379912445575e-01 1.925255054687493098e-02
2.457039631400463171e+06 9.915978325993887177e-01 1.938087718312330940e-02
2.457039631747685373e+06 1.032886961145635274e+00 1.926744600841256982e-02
2.457039632094907574e+06 1.038114556979396363e+00 1.972777536216816299e-02
2.457039632442129776e+06 1.007998566706476140e+00 1.919875771940044926e-02
2.457039632789351977e+06 9.772678597940568368e-01 1.853778814775858264e-02
2.457039633136574179e+06 1.007226818007648683e+00 1.919749874575700857e-02
2.457039633483796380e+06 1.040503858878939480e+00 1.923532110043752255e-02
2.457039633831018582e+06 1.000060010025417112e+00 1.964751637289110370e-02
2.457039634178240784e+06 9.976395370885413616e-01 1.903026377320682014e-02
2.457039634525462985e+06 9.975926165720920835e-01 1.895513148212910406e-02
2.457039634872685187e+06 1.023268933448107543e+00 1.994059267687985776e-02
2.457039635219907388e+06 9.836439050769677506e-01 1.827485781997029157e-02
2.457039635567129590e+06 1.011799012445431245e+00 1.889619010358192103e-02
2.457039635914351791e+06 1.005116580122309866e+00 1.969964266898855537e-02
2.457039636261573993e+06 9.999428957751548275e-01 1.906817197504401609e-02
2.457039636608796194e+06 9.905755060552529079e-01 1.820748847881585586e-02
2.457039636956018396e+06 1.021045172487901054e+00 1.881818840475871224e-02
2.457039637303240597e+06 1.001898454245617076e+00 1.894523209289557947e-02
2.457039637650462799e+06 9.957589984467996036e-01 1.840792041897897080e-02
2.457039637997685000e+06 9.936063664237281268e-01 1.886861766277255284e-02
2.457039638344907202e+06 9.522832344588035847e-01 1.874426046655076894e-02
2.457039638692129403e+06 9.780395909528961651e-01 1.885735927108539781e-02
2.457039639039352071e+06 9.962263860618347788e-01 1.872070458763680501e-02
2.457039639386574272e+06 1.027972168247672791e+00 1.894305898196260024e-02
2.457039639733796474e+06 9.372305059563029728e-01 1.726018032576760383e-02
2.457039640081018675e+06 9.653031146070427670e-01 1.793710164309683316e-02
2.457039640428240877e+06 1.004411523245600568e+00 1.789706160674092369e-02
2.457039640775463078e+06 9.628222366808933952e-01 1.844418057237115841e-02
2.457039641122685280e+06 1.017010345295035867e+00 1.881711483800406481e-02
2.457039641469907481e+06 9.312513335154131155e-01 1.825635626112925847e-02
2.457039641817129683e+06 9.326200777962996291e-01 1.818745559326898076e-02
2.457039642164351884e+06 1.017314653672063418e+00 1.840796054944960833e-02
2.457039642511574086e+06 1.001136329775697886e+00 1.873571558025838996e-02
2.457039642858796287e+06 1.006818983684443891e+00 1.819833006403466513e-02
2.457039643206018489e+06 1.014853280183334316e+00 1.850215650238332468e-02
2.457039643553240690e+06 1.059492867985029063e+00 1.914689680370577560e-02
2.457039643900462892e+06 1.000543225503907951e+00 1.929300689974142169e-02
2.457039644247685093e+06 9.587027226862674389e-01 1.883910537978436203e-02
2.457039644594907295e+06 9.495754494973832616e-01 1.815125601377808387e-02
2.457039644942129496e+06 1.070287012731955034e+00 1.833677751313985554e-02
2.457039645289351698e+06 1.011471987931457317e+00 1.872041006165318933e-02
2.457039645636573900e+06 9.769215303136143946e-01 1.836980989358969960e-02
2.457039645983796101e+06 1.004931692466193960e+00 1.857959140215764693e-02
2.457039646331018303e+06 9.975630303041672642e-01 1.827001424338859856e-02
2.457039646678240970e+06 1.039439710427533470e+00 1.806022171911494945e-02
2.457039647025463171e+06 1.032692966430789561e+00 1.867272870661781589e-02
2.457039647372685373e+06 1.013400096209992718e+00 1.906850551562343926e-02
2.457039647719907574e+06 1.060922049337881479e+00 1.891962483599438430e-02
2.457039648067129776e+06 1.059415000377041505e+00 1.839423324490025574e-02
2.457039648414351977e+06 9.896455962587321631e-01 1.805507885077572983e-02
2.457039648761574179e+06 9.747461519476267044e-01 1.809876097719050059e-02
2.457039649108796380e+06 1.060392946429157046e+00 1.850035464283221812e-02
2.457039649456018582e+06 1.041674507140085693e+00 1.845382815198939180e-02
2.457039649803240784e+06 1.002876760575663440e+00 1.773811126052320802e-02
2.457039650150462985e+06 1.075956594705165026e+00 1.786479256725173256e-02
2.457039650497685187e+06 9.951092630789580840e-01 1.785280781776295636e-02
2.457039650844907388e+06 1.009270120881239130e+00 1.723738935579817097e-02
2.457039651192129590e+06 1.043636555384302111e+00 1.843285880315864711e-02
2.457039651539351791e+06 9.652751681846303278e-01 1.734469253899022581e-02
2.457039651886573993e+06 1.007345924722234276e+00 1.756214058339848269e-02
2.457039652233796194e+06 1.018887355910312431e+00 1.743307439200558751e-02
2.457039652581018396e+06 1.026485417876652928e+00 1.894094895994889033e-02
2.457039652928240597e+06 1.032581716971825880e+00 1.830523725092896362e-02
2.457039653275462799e+06 1.016735688093168832e+00 1.776089906248634262e-02
2.457039653622685000e+06 9.849632810462487509e-01 1.760878967858004254e-02
2.457039653969907202e+06 9.709786141879958032e-01 1.863616026911001436e-02
2.457039654317129403e+06 9.951902602400924946e-01 1.731986326330718640e-02
2.457039654664352071e+06 9.773171849937870581e-01 1.739556519959497768e-02
2.457039655011574272e+06 9.666604907908319388e-01 1.717242066457361910e-02
2.457039655358796474e+06 1.003453671919074752e+00 1.687792077115047099e-02
2.457039655706018675e+06 1.009146538822095485e+00 1.736337622789197246e-02
2.457039656053240877e+06 9.773470289034869030e-01 1.714209484385408738e-02
2.457039656400463078e+06 9.719973438546675171e-01 1.718966844074569858e-02
2.457039656747685280e+06 1.034645476883229609e+00 1.733078985541237210e-02
2.457039657094907481e+06 9.774911993268357024e-01 1.718270822523955063e-02
2.457039657442129683e+06 9.793257415793130694e-01 1.671947614079874120e-02
2.457039657789351884e+06 1.019724921611534274e+00 1.712946335789739330e-02
2.457039658136574086e+06 1.007643109872442322e+00 1.695322246312984046e-02
2.457039658483796287e+06 9.764458372068467451e-01 1.687116763389205285e-02
2.457039658831018489e+06 9.860480337489171410e-01 1.678963229246119293e-02
2.457039659178240690e+06 1.021024037122966854e+00 1.678396399333497227e-02
2.457039659525462892e+06 1.001443193505890505e+00 1.696816941136505483e-02
2.457039659872685093e+06 1.008816781210699842e+00 1.689888099824295165e-02
2.457039660219907295e+06 1.014008147805235849e+00 1.705236191901754461e-02
2.457039660567129496e+06 9.712879820156083976e-01 1.664851768663616269e-02
2.457039660914351698e+06 1.008011771467469453e+00 1.678679634652633854e-02
2.457039661261573900e+06 1.035993755762298019e+00 1.640794098401030313e-02
2.457039661608796101e+06 9.637648166823429285e-01 1.609517361094095489e-02
2.457039661956018303e+06 9.911522459403234731e-01 1.644916571760135504e-02
2.457039662303240970e+06 9.862393955436991044e-01 1.645870567483679811e-02
2.457039662650463171e+06 9.546328069739499211e-01 1.631675390485111746e-02
2.457039662997685373e+06 1.051494344527817315e+00 1.712572249840974004e-02
2.457039663344907574e+06 1.000317156163416987e+00 1.672544551062616486e-02
2.457039663692129776e+06 1.034956004131806884e+00 1.670687948329119960e-02
2.457039664039351977e+06 9.678386875276882018e-01 1.626469470981427995e-02
2.457039664386574179e+06 1.080214407414685329e+00 1.718654961474447990e-02
2.457039664733796380e+06 1.004814796643634489e+00 1.647686836540870198e-02
2.457039665081018582e+06 1.014639553298081198e+00 1.683205188352815060e-02
2.457039665428240784e+06 1.013309098263885044e+00 1.637924191968484836e-02
2.457039665775462985e+06 9.835001515410333184e-01 1.638717893471843684e-02
2.457039666122685187e+06 1.020047182403300834e+00 1.622512727926230663e-02
2.457039666469907388e+06 1.006045218722443790e+00 1.649293872533005162e-02
2.457039666817129590e+06 9.918103293878335336e-01 1.643933710667952464e-02
2.457039667164351791e+06 1.026948057641406287e+00 1.624328703892341866e-02
2.457039667511573993e+06 1.023394852156434665e+00 1.652533367530625852e-02
2.457039667858796194e+06 1.014356250487582933e+00 1.662623239831911848e-02
2.457039668206018396e+06 1.057527472738958307e+00 1.671159910659818226e-02
2.457039668553240597e+06 1.070109832926173787e+00 1.682187405406526323e-02
2.457039668900462799e+06 1.008288777164104255e+00 1.649401083442111893e-02
2.457039669247685000e+06 9.541130746807261476e-01 1.595755776207421692e-02
2.457039669594907202e+06 9.832343749523216880e-01 1.642143994485381620e-02
2.457039669942129403e+06 9.918570437004824436e-01 1.627217451060140180e-02
2.457039670289352071e+06 1.090981657402217975e+00 1.681303562033160254e-02
2.457039670636574272e+06 1.027892366058994700e+00 1.622897083208935456e-02
2.457039670983796474e+06 1.012196373252328474e+00 1.635223203728260882e-02
2.457039671331018675e+06 1.063328535985370582e+00 1.611959701515422796e-02
2.457039671678240877e+06 1.039892591338762218e+00 1.620313774319366920e-02
2.457039672025463078e+06 1.058861163709470476e+00 1.688002340052303929e-02
2.457039672372685280e+06 9.926981861977849375e-01 1.592296367235324778e-02
2.457039672719907481e+06 1.002780297890494499e+00 1.667353267813209347e-02
2.457039673067129683e+06 1.000152528022181686e+00 1.640745972049330315e-02
2.457039673414351884e+06 9.890776641499062771e-01 1.613558306015106664e-02
2.457039673761574086e+06 9.921605597798758280e-01 1.617034918326921283e-02
2.457039674108796287e+06 1.004295995265919395e+00 1.637883786504726324e-02
2.457039674456018489e+06 1.027398072316605182e+00 1.684304664346799110e-02
2.457039674803240690e+06 1.018488791432357266e+00 1.612311221786692436e-02
2.457039675150462892e+06 1.046227453000267538e+00 1.648959919457970713e-02
2.457039675497685093e+06 9.810164206178192403e-01 1.552617745523756504e-02
2.457039675844907295e+06 1.044716197184161866e+00 1.625150694660618123e-02
2.457039676192129496e+06 9.974922254053840698e-01 1.666582991221118165e-02
2.457039676539351698e+06 1.033922347019717192e+00 1.638275689066039098e-02
2.457039676886573900e+06 1.010892552406676970e+00 1.596821185984530211e-02
2.457039677233796101e+06 1.017198987943330524e+00 1.661443326722313735e-02
2.457039677581018303e+06 1.002567817102136161e+00 1.610775729923758642e-02
2.457039677928240970e+06 1.045586753031088723e+00 1.618707737424331453e-02
2.457039678275463171e+06 9.753245642067357446e-01 1.575299177996308808e-02
2.457039678622685373e+06 9.399068249571763678e-01 1.532465106491964074e-02
2.457039678969907574e+06 9.807682479278462262e-01 1.552735732110302642e-02
2.457039679317129776e+06 1.007892056258602675e+00 1.532254271140327806e-02
2.457039679664351977e+06 9.630886480289623242e-01 1.564170070666383652e-02
2.457039680011574179e+06 9.277250425640175546e-01 1.550688360941866045e-02
2.457039680358796380e+06 1.019598380077810118e+00 1.631239799349597577e-02
2.457039680706018582e+06 1.012911681737542757e+00 1.569083221968801262e-02
2.457039681053240784e+06 1.048331054863567147e+00 1.656455388194541523e-02
2.457039681400462985e+06 1.007671239341112246e+00 1.570600060008315799e-02
2.457039681747685187e+06 9.824976976947011886e-01 1.547862935339913183e-02
2.457039682094907388e+06 1.023217706013783923e+00 1.606093370810268012e-02
2.457039682442129590e+06 1.045598770169176017e+00 1.635981029868708789e-02
2.457039682789351791e+06 1.052112733640221842e+00 1.606840552271033423e-02
2.457039683136573993e+06 9.722226992532427836e-01 1.544982728071492284e-02
2.457039683483796194e+06 9.985968027279722437e-01 1.553078913493715664e-02
2.457039683831018396e+06 1.019247774460688705e+00 1.591763162828441214e-02
2.457039684178240597e+06 9.837160576157238934e-01 1.531223227921684436e-02
2.457039684525462799e+06 1.009278417550064422e+00 1.571932610018556345e-02
2.457039684872685000e+06 1.018512218444549866e+00 1.563921670787653262e-02
2.457039685219907202e+06 1.047090945172427068e+00 1.596128911087380670e-02
2.457039685567129403e+06 1.019945426992091786e+00 1.551112689644565043e-02
2.457039685914352071e+06 1.021748211577420129e+00 1.551232827611720953e-02
2.457039686261574272e+06 1.045044632648955307e+00 1.596691704009829335e-02
2.457039686608796474e+06 9.923611456001766307e-01 1.593505443386611029e-02
2.457039686956018675e+06 1.005919604201836126e+00 1.568114773402004905e-02
2.457039687303240877e+06 1.006997548571652690e+00 1.563289204477829805e-02
2.457039687650463078e+06 1.040844488662975964e+00 1.582183066448781053e-02
2.457039687997685280e+06 9.662810411657688503e-01 1.551438041582536842e-02
2.457039688344907481e+06 1.039520790416359031e+00 1.593748630944656977e-02
2.457039688692129683e+06 9.779074480340567144e-01 1.536760009233559439e-02
2.457039689039351884e+06 9.899844274085995988e-01 1.536916850766150908e-02
2.457039689386574086e+06 9.857570165213580538e-01 1.545564185061566558e-02
2.457039689733796287e+06 1.007187673440417264e+00 1.540626869391479269e-02
2.457039690081018489e+06 9.574782155304185638e-01 1.534457578768073580e-02
2.457039690428240690e+06 1.024055789128663907e+00 1.595582388504366081e-02
2.457039690775462892e+06 1.002292843540379064e+00 1.567799903541842316e-02
2.457039691122685093e+06 9.703908688856215381e-01 1.510181337792204474e-02
2.457039691469907295e+06 9.907388891232246086e-01 1.527162199884388345e-02
2.457039691817129496e+06 1.009959783582878856e+00 1.551390364588511699e-02
2.457039692164351698e+06 1.041230584774625934e+00 1.552237289182743438e-02
2.457039692511573900e+06 1.031437979798728310e+00 1.582670491252135408e-02
2.457039692858796101e+06 9.886031136084605375e-01 1.541900347461225979e-02
2.457039693206018303e+06 1.020225202555139488e+00 1.562371559810622236e-02
2.457039693553240970e+06 9.842393029419090889e-01 1.534571480417277860e-02
2.457039693900463171e+06 1.062200723360848587e+00 1.571085475773323706e-02
2.457039694247685373e+06 1.022968439672880203e+00 1.558147781824291596e-02
2.457039694594907574e+06 9.883332225658244541e-01 1.543710627207316340e-02
2.457039694942129776e+06 1.020412844634169591e+00 1.555037372939648346e-02
2.457039695289351977e+06 1.004774693044354406e+00 1.568667952471278562e-02
2.457039695636574179e+06 1.056359737683295386e+00 1.579312274120373352e-02
2.457039695983796380e+06 1.028699179931906960e+00 1.580293774851247030e-02
2.457039696331018582e+06 9.927358581129316351e-01 1.532751147601174244e-02
2.457039696678240784e+06 1.020093882697014287e+00 1.573847330904491401e-02
2.457039697025462985e+06 9.839710515358166543e-01 1.501074853871132292e-02
2.457039697372685187e+06 1.031535064670680013e+00 1.555237701563369143e-02
2.457039697719907388e+06 9.893099100238726962e-01 1.521614479068907587e-02
2.457039698067129590e+06 1.012028297550175315e+00 1.532864345142067111e-02
2.457039698414351791e+06 1.014996474893433254e+00 1.524108381748745002e-02
2.457039698761573993e+06 1.056515067405101815e+00 1.562272280422537241e-02
2.457039699108796194e+06 1.018798226595843737e+00 1.554291348276803583e-02
2.457039699456018396e+06 9.857209007311535931e-01 1.512031995780315635e-02
2.457039699803240597e+06 9.902424570397434511e-01 1.538668658296150904e-02
2.457039700150462799e+06 9.752998369626276753e-01 1.512320331701241284e-02
2.457039700497685000e+06 1.055734905149254832e+00 1.558824978315190984e-02
2.457039700844907202e+06 1.006937962003432663e+00 1.498048520497931128e-02
2.457039701192129403e+06 9.991169330563370865e-01 1.544065116792558631e-02
2.457039701539352071e+06 1.024512674324856487e+00 1.547989766609146611e-02
2.457039701886574272e+06 9.486212577294828030e-01 1.495682228340631560e-02
2.457039702233796474e+06 9.909547513561703935e-01 1.494371621375342914e-02
2.457039702581018675e+06 1.011717023731161236e+00 1.549730171285191617e-02
2.457039702928240877e+06 9.853496287691162481e-01 1.508703718001397874e-02
2.457039703275463078e+06 1.045080728505636047e+00 1.523548407502794966e-02
2.457039703622685280e+06 1.047106956442287684e+00 1.547241062303819983e-02
2.457039703969907481e+06 1.025757118296184878e+00 1.553540188072258764e-02
2.457039704317129683e+06 1.033297269359369164e+00 1.524529936513256516e-02
2.457039704664351884e+06 9.801387348411640943e-01 1.482788685187045631e-02
2.457039705011574086e+06 1.069860064888503492e+00 1.536861117977481907e-02
2.457039705358796287e+06 1.002104532727045916e+00 1.501914531290123207e-02
2.457039705706018489e+06 9.897857845159038215e-01 1.502032590718594893e-02
2.457039706053240690e+06 9.824536428837159496e-01 1.495236233244497115e-02
2.457039706400462892e+06 1.042257767775784938e+00 1.552421972276880544e-02
2.457039706747685093e+06 9.998588098703454774e-01 1.527619908273549452e-02
2.457039707094907295e+06 9.790202181141792748e-01 1.516586476873580877e-02
2.457039707442129496e+06 1.033648459287215937e+00 1.519901779261810873e-02
2.457039707789351698e+06 9.987270829549796947e-01 1.513061547439736518e-02
2.457039708136573900e+06 1.008833796733966226e+00 1.515221290664464128e-02
2.457039708483796101e+06 1.011573773677516108e+00 1.540617819971007614e-02
2.457039708831018303e+06 1.013260547094982478e+00 1.531821289891049931e-02
2.457039709178240970e+06 1.026210150215112193e+00 1.505138765217232423e-02
2.457039709525463171e+06 1.034971925639104118e+00 1.521272757501295793e-02
2.457039709872685373e+06 1.027190723500441161e+00 1.548721235016522861e-02
2.457039710219907574e+06 1.036345065944467070e+00 1.578368512544688768e-02
2.457039710567129776e+06 1.004660488627476145e+00 1.496125525465942172e-02
2.457039710914351977e+06 1.009682602554233810e+00 1.514072775358645852e-02
2.457039711261574179e+06 9.989275120925913409e-01 1.529588626620144269e-02
2.457039711608796380e+06 1.057670866305818080e+00 1.572780390666299322e-02
2.457039711956018582e+06 1.004891471287001181e+00 1.518036905638599915e-02
2.457039712303240784e+06 1.030962871995916297e+00 1.534403746760447211e-02
2.457039712650462985e+06 9.892942663027392003e-01 1.488076149270291595e-02
2.457039712997685187e+06 9.877523503051595100e-01 1.488199013420288437e-02
2.457039713344907388e+06 9.750672071415611430e-01 1.472998043571207422e-02
2.457039713692129590e+06 1.047221265844892724e+00 1.513548475952430396e-02
2.457039714039351791e+06 1.026687598011115199e+00 1.499307936443212107e-02
2.457039714386573993e+06 9.795527077868394494e-01 1.504719281759778898e-02
2.457039714733796194e+06 9.715386789284909952e-01 1.471814094054267261e-02
2.457039715081018396e+06 1.000293582195074027e+00 1.481131616002840691e-02
2.457039715428240597e+06 1.039361693791109875e+00 1.523246769127236354e-02
2.457039715775462799e+06 1.062355312846698263e+00 1.565806302229322960e-02
2.457039716122685000e+06 1.019761281899470573e+00 1.510721882001549686e-02
2.457039716469907202e+06 1.007464997839103926e+00 1.503524970221154118e-02
2.457039716817129403e+06 1.035064317361204411e+00 1.532714012132602166e-02
2.457039717164352071e+06 1.023008185091392352e+00 1.504832112420034437e-02
2.457039717511574272e+06 1.025404666201429782e+00 1.517897590052898378e-02
2.457039717858796474e+06 1.008444186971721779e+00 1.482430918131241900e-02
2.457039718206018675e+06 9.690826235505702879e-01 1.474886104618162649e-02
2.457039718553240877e+06 1.002764131464086494e+00 1.448012288807008080e-02
2.457039718900463078e+06 1.075525216747287294e+00 1.571062430094359239e-02
2.457039719247685280e+06 1.009206659873532530e+00 1.474433976379234922e-02
2.457039719594907481e+06 1.000361258654725027e+00 1.471996271976353139e-02
2.457039719942129683e+06 9.940367260255237314e-01 1.476596342622768336e-02
2.457039720289351884e+06 1.007892582321055830e+00 1.480451973696449500e-02
2.457039720636574086e+06 1.010021982695193943e+00 1.495761287733892754e-02
2.457039720983796287e+06 1.040951916085114837e+00 1.515758235133247110e-02
2.457039721331018489e+06 1.021865993184213339e+00 1.539149548076346186e-02
2.457039721678240690e+06 1.042173893569799947e+00 1.508600239437369803e-02
2.457039722025462892e+06 1.024171707435384659e+00 1.479963359630988642e-02
2.457039722372685093e+06 9.996715403344997863e-01 1.494684193578276615e-02
2.457039722719907295e+06 1.004112158685206868e+00 1.485432051670868350e-02
2.457039723067129496e+06 1.007906183463653349e+00 1.501828106218109152e-02
2.457039723414351698e+06 1.012758762781240662e+00 1.491736895261372778e-02
2.457039723761573900e+06 1.030729280559665062e+00 1.462991986246810726e-02
2.457039724108796101e+06 9.921761943607492196e-01 1.499043723712940868e-02
2.457039724456018303e+06 9.689528690718831605e-01 1.460914793046139484e-02
2.457039724803240970e+06 9.800224582742813606e-01 1.460197606342312701e-02
2.457039725150463171e+06 9.924048297621780312e-01 1.468726514400449032e-02
2.457039725497685373e+06 1.018575217597845084e+00 1.544608996751621263e-02
2.457039725844907574e+06 9.497197624511530822e-01 1.439606672101095483e-02
2.457039726192129776e+06 9.887493912152940378e-01 1.462423219426301282e-02
2.457039726539351977e+06 1.034744052275137216e+00 1.523829632036042755e-02
2.457039726886574179e+06 1.029825476446223131e+00 1.496399066447069194e-02
2.457039727233796380e+06 9.690821518718570893e-01 1.433021646179378009e-02
2.457039727581018582e+06 1.001002032499516137e+00 1.445774824040568958e-02
2.457039727928240784e+06 9.787252310089974427e-01 1.508481477174301692e-02
2.457039728275462985e+06 1.014931669205477061e+00 1.499342471108646400e-02
2.457039728622685187e+06 9.920202356435942059e-01 1.497031571637186080e-02
2.457039728969907388e+06 1.018676870781036969e+00 1.465219611803546262e-02
2.457039729317129590e+06 1.015576923051560332e+00 1.516506853539854351e-02
2.457039729664351791e+06 1.005688704870061345e+00 1.465540106957239838e-02
2.457039730011573993e+06 1.015193640812020348e+00 1.488272277570091250e-02
2.457039730358796194e+06 9.876487328232598228e-01 1.446087708301999758e-02
2.457039730706018396e+06 1.008368834931725244e+00 1.478234565211467358e-02
2.457039731053240597e+06 1.003474173382743473e+00 1.475995549499720637e-02
2.457039731400462799e+06 1.015977469664554489e+00 1.506809314522479168e-02
2.457039731747685000e+06 1.012568562181572762e+00 1.491162851354757568e-02
2.457039732094907202e+06 9.882675614199342151e-01 1.442173822902245370e-02
2.457039732442129403e+06 1.011082564101359882e+00 1.469257990743626403e-02
2.457039732789352071e+06 1.044152407416740092e+00 1.486037522278372408e-02
2.457039733136574272e+06 1.026554561157074330e+00 1.490967773445834622e-02
2.457039733483796474e+06 9.662363005115273129e-01 1.467871004652535755e-02
2.457039733831018675e+06 1.045084489629499735e+00 1.461636307068383753e-02
2.457039734178240877e+06 9.759611972781849776e-01 1.483647184301369396e-02
2.457039734525463078e+06 1.065798065713810194e+00 1.471477508422787232e-02
2.457039734872685280e+06 9.740908128972599611e-01 1.426449545164571245e-02
2.457039735219907481e+06 9.808971392063814410e-01 1.451551737437905068e-02
2.457039735567129683e+06 1.033684150749827779e+00 1.487849643279023047e-02
2.457039735914351884e+06 9.510268422517620390e-01 1.415049971133488897e-02
2.457039736261574086e+06 9.871707264415281458e-01 1.438177512431482348e-02
2.457039736608796287e+06 1.000580583987606076e+00 1.477232722860380085e-02
2.457039736956018489e+06 9.798489997972419374e-01 1.398716476747364004e-02
2.457039737303240690e+06 9.918731508231015681e-01 1.472131151756860511e-02
2.457039737650462892e+06 1.012261746889203229e+00 1.439499626582284829e-02
2.457039737997685093e+06 1.019881319015437660e+00 1.442072582077543429e-02
2.457039738344907295e+06 9.787324816459471721e-01 1.449683901944164369e-02
2.457039738692129496e+06 9.981779730584457999e-01 1.452044059536696310e-02
2.457039739039351698e+06 1.008042452845514303e+00 1.469845050753208759e-02
2.457039739386573900e+06 1.010837056840469206e+00 1.472817377592220214e-02
2.457039739733796101e+06 1.014537669209830240e+00 1.464444460618092268e-02
2.457039740081018303e+06 1.019357633619274672e+00 1.429545690540127978e-02
2.457039740428240970e+06 9.674766759489286105e-01 1.428800846355077550e-02
2.457039740775463171e+06 1.020372237860622588e+00 1.475326388430197103e-02
2.457039741122685373e+06 1.032528911960610030e+00 1.435549174754583920e-02
2.457039741469907574e+06 9.996150903775006258e-01 1.457958253883860807e-02
2.457039741817129776e+06 1.068675190254247731e+00 1.494973139762244795e-02
2.457039742164351977e+06 1.042427219145502404e+00 1.480470456293600350e-02
2.457039742511574179e+06 9.741256891277045860e-01 1.416159076697804872e-02
2.457039742858796380e+06 1.021126494334324564e+00 1.420104972448153063e-02
2.457039743206018582e+06 1.010314275076614754e+00 1.494316947347312102e-02
2.457039743553240784e+06 9.747989917439759955e-01 1.468572218455933311e-02
2.457039743900462985e+06 1.043723698907964348e+00 1.439962982412799734e-02
2.457039744247685187e+06 9.690847423889279444e-01 1.419869158984749143e-02
2.457039744594907388e+06 1.105659021781128404e+00 1.525636716222285826e-02
2.457039744942129590e+06 1.041799740742075375e+00 1.466763770289012184e-02
2.457039745289351791e+06 1.018628001864326116e+00 1.440385939598132735e-02
2.457039745636573993e+06 9.660141210465963413e-01 1.402129458799623515e-02
2.457039745983796194e+06 1.003783267444786631e+00 1.443725618930960519e-02
2.457039746331018396e+06 1.047879092793327471e+00 1.462051533399971563e-02
2.457039746678240597e+06 1.048585201061257965e+00 1.473501374770125154e-02
2.457039747025462799e+06 9.743688378673729389e-01 1.420479353775727822e-02
2.457039747372685000e+06 1.011408212723885480e+00 1.432160886278621703e-02
2.457039747719907202e+06 9.960481864734386237e-01 1.457337950142055701e-02
2.457039748067129403e+06 1.020041832221160183e+00 1.466930354298660692e-02
2.457039748414352071e+06 9.942787737910898649e-01 1.437865646244947636e-02
2.457039748761574272e+06 1.008197345338799567e+00 1.460677867917219847e-02
2.457039749108796474e+06 1.035060404434595460e+00 1.469673593077196021e-02
2.457039749456018675e+06 1.036526004269964218e+00 1.473101522093866675e-02
2.457039749803240877e+06 1.015492179221632707e+00 1.439101032409602875e-02
2.457039750150463078e+06 1.040616097484531100e+00 1.492122215988695745e-02
2.457039750497685280e+06 1.020268890970600140e+00 1.444444576705525458e-02
2.457039750844907481e+06 1.013465503269187939e+00 1.441824106802798433e-02
2.457039751192129683e+06 9.957509338587483549e-01 1.454735939978474106e-02
2.457039751539351884e+06 1.003365366544776816e+00 1.448828915241477840e-02
2.457039751886574086e+06 9.880867745508461475e-01 1.455805144127876247e-02
2.457039752233796287e+06 9.590780296387310111e-01 1.400953415469732843e-02
2.457039752581018489e+06 1.001638837982425700e+00 1.427821144298526898e-02
2.457039752928240690e+06 9.986784883423907022e-01 1.434575465254221867e-02
2.457039753275462892e+06 9.996777203093076825e-01 1.420443164884097921e-02
2.457039753622685093e+06 1.012331299568888454e+00 1.434780341379167899e-02
2.457039753969907295e+06 1.017998278873731621e+00 1.454792885600961552e-02
2.457039754317129496e+06 1.000824362879704887e+00 1.461676400636465617e-02
2.457039754664351698e+06 1.026178371512798337e+00 1.478628243313552006e-02
2.457039755011573900e+06 1.065760524480202420e+00 1.427126376927396675e-02
2.457039755358796101e+06 1.025635349925283935e+00 1.441739561925621006e-02
2.457039755706018303e+06 1.018294958128139971e+00 1.416729095526087986e-02
2.457039756053240970e+06 1.033883379422465332e+00 1.466571542418033426e-02
2.457039756400463171e+06 9.951923481921262082e-01 1.426286272136471044e-02
2.457039756747685373e+06 9.905648278791570061e-01 1.423245044697437310e-02
2.457039757094907574e+06 1.003450735634950242e+00 1.406685136843107559e-02
2.457039757442129776e+06 9.475118096799748368e-01 1.405758994159219191e-02
2.457039757789351977e+06 9.928460256883046009e-01 1.430150137974574125e-02
2.457039758136574179e+06 9.944639244406413559e-01 1.453585020079295465e-02
2.457039758483796380e+06 1.024686437792369453e+00 1.461855105958227881e-02
2.457039758831018582e+06 1.027490170063234176e+00 1.427708017808792737e-02
2.457039759178240784e+06 1.039033862812172027e+00 1.496095559267165108e-02
2.457039759525462985e+06 1.003831277213935280e+00 1.418578184767103900e-02
2.457039759872685187e+06 1.026581454274849703e+00 1.454960335424753011e-02
2.457039760219907388e+06 1.022573312769444076e+00 1.431092080341458267e-02
2.457039760567129590e+06 1.035523080926963990e+00 1.439748623153150157e-02
2.457039760914351791e+06 1.030374652945300396e+00 1.438270852669680001e-02
2.457039761261573993e+06 1.020295107759300990e+00 1.460498630987097299e-02
2.457039761608796194e+06 9.971248137666158806e-01 1.428999510785364940e-02
2.457039761956018396e+06 1.016090327869926480e+00 1.459900644252427014e-02
2.457039762303240597e+06 9.586433380019538930e-01 1.406076117109286878e-02
2.457039762650462799e+06 1.023044165249974879e+00 1.462047567056121156e-02
2.457039762997685000e+06 1.066513559165940039e+00 1.480714551391735731e-02
2.457039763344907202e+06 1.004370966606203064e+00 1.443199475508414979e-02
2.457039763692129403e+06 1.034820008891927268e+00 1.411952082150733263e-02
2.457039764039352071e+06 1.031422236315932217e+00 1.435643956405571048e-02
2.457039764386574272e+06 1.007121796764594013e+00 1.415503842667179164e-02
2.457039764733796474e+06 1.057864455632459455e+00 1.435888383744593662e-02
2.457039765081018675e+06 1.062492592145991122e+00 1.461181878962866144e-02
2.457039765428240877e+06 9.922145210908420720e-01 1.415461409511440359e-02
2.457039765775463078e+06 9.973195062483866113e-01 1.425189678925015829e-02
2.457039766122685280e+06 1.032780141664802365e+00 1.422137272809837101e-02
2.457039766469907481e+06 9.626828515964328536e-01 1.405527894940944260e-02
2.457039766817129683e+06 1.004685186395320562e+00 1.436896721125614611e-02
2.457039767164351884e+06 9.934862566057953703e-01 1.396643933918429066e-02
2.457039767511574086e+06 1.017136670189108028e+00 1.425667854336497981e-02
2.457039767858796287e+06 1.013742093842861847e+00 1.410793591724028226e-02
2.457039768206018489e+06 1.013418536141234894e+00 1.474969374578372246e-02
2.457039768553240690e+06 1.037462164407195297e+00 1.425384653806491958e-02
2.457039768900462892e+06 1.025553901184917072e+00 1.455225521510532249e-02
2.457039769247685093e+06 9.763875519535917258e-01 1.360014732960314679e-02
2.457039769594907295e+06 9.905028274004907818e-01 1.412706009126851736e-02
2.457039769942129496e+06 9.861126599644118862e-01 1.419871043128122408e-02
2.457039770289351698e+06 1.010849420593024961e+00 1.405998066626797105e-02
2.457039770636573900e+06 9.676020565253732331e-01 1.442634408647584972e-02
2.457039770983796101e+06 9.653998863862029989e-01 1.402524473849964606e-02
2.457039771331018303e+06 1.056928083631515136e+00 1.440240687176419510e-02
2.457039771678240970e+06 9.849161280687351860e-01 1.416801979662756818e-02
2.457039772025463171e+06 9.850608173212205276e-01 1.420507009279553361e-02
2.457039772372685373e+06 1.056310526767780367e+00 1.441195817159323690e-02
2.457039772719907574e+06 1.050950493948716646e+00 1.458525977481568876e-02
2.457039773067129776e+06 1.031796419946143795e+00 1.445570127733590039e-02
2.457039773414351977e+06 1.044418344782638952e+00 1.432263620483390995e-02
2.457039773761574179e+06 1.065719725273163165e+00 1.460035456613161149e-02
2.457039774108796380e+06 9.690671133204434851e-01 1.398430822812497636e-02
2.457039774456018582e+06 1.031113252615649012e+00 1.422581247424184285e-02
2.457039774803240784e+06 1.025818239524083353e+00 1.462870049990221133e-02
2.457039775150462985e+06 1.037986999596513860e+00 1.416445808868947200e-02
2.457039775497685187e+06 1.041503831218466791e+00 1.456782793550946871e-02
2.457039775844907388e+06 9.831540005088976741e-01 1.395785420048551405e-02
2.457039776192129590e+06 1.029619420151834719e+00 1.431882893708958868e-02
2.457039776539351791e+06 1.016182213915604704e+00 1.424846805415127572e-02
2.457039776886573993e+06 9.959026040015273029e-01 1.449455380959874772e-02
2.457039777233796194e+06 1.021146772574742068e+00 1.413577594520809555e-02
2.457039777581018396e+06 1.032991288571072808e+00 1.434353155190540297e-02
2.457039777928240597e+06 1.044670164171737525e+00 1.464284389235564858e-02
2.457039778275462799e+06 1.002943286649873755e+00 1.431687000457210548e-02
2.457039778622685000e+06 1.014210198453832312e+00 1.405238761856424275e-02
2.457039778969907202e+06 9.784006376365601554e-01 1.413818428651751440e-02
2.457039779317129403e+06 9.516787163664648386e-01 1.377033583431467277e-02
2.457039779664352071e+06 9.667608811530266077e-01 1.395768158985608715e-02
2.457039780011574272e+06 9.815440421587945385e-01 1.403093760686551124e-02
2.457039780358796474e+06 1.017690485311258053e+00 1.476200081702662772e-02
2.457039780706018675e+06 9.920425845105128593e-01 1.379103744335175540e-02
2.457039781053240877e+06 9.844948551874107556e-01 1.394746992396912917e-02
2.457039781400463078e+06 9.945387603933251164e-01 1.425680519252045010e-02
2.457039781747685280e+06 1.007084680183833347e+00 1.431158074553988586e-02
2.457039782094907481e+06 1.022502862609742325e+00 1.400041044482840287e-02
2.457039782442129683e+06 1.041073650638816073e+00 1.444691047803906697e-02
2.457039782789351884e+06 9.890075201153613049e-01 1.393153559860809548e-02
2.457039783136574086e+06 1.024752829528205345e+00 1.423010811745465364e-02
2.457039783483796287e+06 9.692294573985601458e-01 1.379387951867465725e-02
2.457039783831018489e+06 9.954822204314830447e-01 1.388991300817262256e-02
2.457039784178240690e+06 1.037670996086470732e+00 1.447988000381119668e-02
2.457039784525462892e+06 9.833152609785308362e-01 1.429012691345200002e-02
2.457039784872685093e+06 1.024543010839161328e+00 1.422469154933273146e-02
2.457039785219907295e+06 1.027888695943286246e+00 1.424696762619539862e-02
2.457039785567129496e+06 1.005273219912763416e+00 1.400252416658477259e-02
2.457039785914351698e+06 1.039076021761610180e+00 1.432103000169664478e-02
2.457039786261573900e+06 1.020155689029738300e+00 1.421418915009958067e-02
2.457039786608796101e+06 8.490814094867262796e-01 1.178143665722373827e-02
2.457039786956018303e+06 1.004860922768304743e+00 1.417207706053628426e-02
2.457039787303240970e+06 1.243632254750278276e+00 1.756025591542398345e-02
2.457039787650463171e+06 9.909369620262494793e-01 1.383083946950455952e-02
2.457039787997685373e+06 1.016059060595026153e+00 1.416318449456633460e-02
2.457039788344907574e+06 9.735917116424228634e-01 1.377089160199816351e-02
2.457039788692129776e+06 9.581772120295686257e-01 1.387263492503280037e-02
2.457039789039351977e+06 9.973359783493439545e-01 1.391049608422273084e-02
2.457039789386574179e+06 1.009876001047182781e+00 1.419229009011303139e-02
2.457039789733796380e+06 1.014549263116266031e+00 1.418572222870697654e-02
2.457039790081018582e+06 1.042725697296697174e+00 1.429842883116520628e-02
2.457039790428240784e+06 9.935602533347324128e-01 1.391221092278059103e-02
2.457039790775462985e+06 1.044661459799674397e+00 1.471105416627563854e-02
2.457039791122685187e+06 1.016550312524660216e+00 1.451952299294160913e-02
2.457039791469907388e+06 1.004684487602251153e+00 1.429078441643423514e-02
2.457039791817129590e+06 9.715622751723900219e-01 1.390944920310135252e-02
2.457039792164351791e+06 1.023736404417683099e+00 1.416049963332443803e-02
2.457039792511573993e+06 1.003177451628212369e+00 1.427665840033140454e-02
2.457039792858796194e+06 9.914050327776983140e-01 1.390433093028168796e-02
2.457039793206018396e+06 1.018352824824447334e+00 1.406542209944853725e-02
2.457039793553240597e+06 1.022053254643815690e+00 1.409424624641620639e-02
2.457039793900462799e+06 1.029707235244271102e+00 1.433528593326027431e-02
2.457039794247685000e+06 1.004664342077220107e+00 1.410014347775049269e-02
2.457039794594907202e+06 1.059122727970794209e+00 1.452700592151084588e-02
2.457039794942129403e+06 1.011066789264368770e+00 1.418516241198270432e-02
2.457039795289352071e+06 1.063678158565005694e+00 1.425345659054523886e-02
2.457039795636574272e+06 1.012044181385988395e+00 1.419470183068318424e-02
2.457039795983796474e+06 1.046986833408804607e+00 1.418613367217748042e-02
2.457039796331018675e+06 1.018872258913691597e+00 1.392005921666928867e-02
2.457039796678240877e+06 9.945830340155489280e-01 1.394037825312729496e-02
2.457039797025463078e+06 1.043164754619366086e+00 1.407571621719215516e-02
2.457039797372685280e+06 1.005563029328640168e+00 1.381910233055951183e-02
2.457039797719907481e+06 1.000194857616846011e+00 1.409004400691700638e-02
2.457039798067129683e+06 1.013796845545811509e+00 1.419752828402033769e-02
2.457039798414351884e+06 1.009860652286858285e+00 1.392164334574573503e-02
2.457039798761574086e+06 1.043656221322927458e+00 1.431632254386117943e-02
2.457039799108796287e+06 9.313478055433542790e-01 1.374772009454725864e-02
2.457039799456018489e+06 9.920725106735200916e-01 1.356594225291275421e-02
2.457039799803240690e+06 1.051617927694228793e+00 1.425573662463727569e-02
2.457039800150462892e+06 1.007574802593280694e+00 1.379165776211859970e-02
2.457039800497685093e+06 1.016164781706353715e+00 1.402559600004972713e-02
2.457039800844907295e+06 9.751859157121823829e-01 1.362052739212208860e-02
2.457039801192129496e+06 9.913548962737065429e-01 1.373883089874442312e-02
2.457039801539351698e+06 9.908530825541220777e-01 1.374360002442189151e-02
2.457039801886573900e+06 9.514076400212782003e-01 1.378215892167554413e-02
2.457039802233796101e+06 1.022762212764321443e+00 1.400841175114861219e-02
2.457039802581018303e+06 1.035806007516126614e+00 1.425689966188967497e-02
2.457039802928240970e+06 1.004372345976128678e+00 1.402332636667497426e-02
2.457039803275463171e+06 9.841727834023693555e-01 1.386113452319185854e-02
2.457039803622685373e+06 9.723716741953615239e-01 1.378993206671419100e-02
2.457039803969907574e+06 1.050016446498154732e+00 1.437824521262864343e-02
2.457039804317129776e+06 1.001190784185576499e+00 1.387620569682645501e-02
2.457039804664351977e+06 1.037289727818802021e+00 1.415209847194274020e-02
2.457039805011574179e+06 1.003362706983714991e+00 1.400582554884053504e-02
2.457039805358796380e+06 9.698260316631049927e-01 1.394301541854037034e-02
2.457039805706018582e+06 1.008808349938798976e+00 1.421910177031994287e-02
2.457039806053240784e+06 9.852576423938419481e-01 1.387318922453255506e-02
2.457039806400462985e+06 1.018196258966431955e+00 1.407488713710689822e-02
2.457039806747685187e+06 1.020313752930794182e+00 1.407558607017021790e-02
2.457039807094907388e+06 9.887196047489543727e-01 1.385523095427095876e-02
2.457039807442129590e+06 1.005825555905900170e+00 1.401726674808691231e-02
2.457039807789351791e+06 1.013522738529381906e+00 1.414159008362949471e-02
2.457039808136573993e+06 9.770484208328591436e-01 1.388461559446564110e-02
2.457039808483796194e+06 9.881145476611454814e-01 1.408585663816220961e-02
2.457039808831018396e+06 9.647856067306537220e-01 1.361989095108059704e-02
2.457039809178240597e+06 9.972730814375577735e-01 1.399370690746381922e-02
2.457039809525462799e+06 1.000021927385999820e+00 1.408891990244363381e-02
2.457039809872685000e+06 9.760926217940231187e-01 1.397615799144803946e-02
2.457039810219907202e+06 1.031231057751703872e+00 1.397205284093627070e-02
2.457039810567129403e+06 1.061535648037275958e+00 1.427596864424202604e-02
2.457039810914352071e+06 9.973634009635640174e-01 1.380571066790459676e-02
2.457039811261574272e+06 9.700577298121876302e-01 1.374948997505680282e-02
2.457039811608796474e+06 9.950174837188452415e-01 1.394152403922940472e-02
2.457039811956018675e+06 1.012625754474476558e+00 1.411091396412847247e-02
2.457039812303240877e+06 1.026920938927285754e+00 1.416909736437027383e-02
2.457039812650463078e+06 9.938256548006196844e-01 1.402461583670413202e-02
2.457039812997685280e+06 1.007968002702430699e+00 1.424731373795677311e-02
2.457039813344907481e+06 1.001848844915302017e+00 1.399702459898719692e-02
2.457039813692129683e+06 9.858070991236070890e-01 1.381284484869039521e-02
2.457039814039351884e+06 9.823612520557992722e-01 1.384717719550630430e-02
2.457039814386574086e+06 1.032389410144068043e+00 1.404510459673554562e-02
2.457039814733796287e+06 9.813414380092129186e-01 1.403846097762416999e-02
2.457039815081018489e+06 1.001129346430498002e+00 1.385051145175037780e-02
2.457039815428240690e+06 1.022309526964149118e+00 1.400582026730494770e-02
2.457039815775462892e+06 1.044313207278271705e+00 1.435491453441879207e-02
2.457039816122685093e+06 9.753253533165411326e-01 1.373918737138791167e-02
2.457039816469907295e+06 1.014703577147636926e+00 1.396629603016892249e-02
2.457039816817129496e+06 9.689399512198819675e-01 1.382311063859129573e-02
2.457039817164351698e+06 1.009142784021191064e+00 1.394577712739220911e-02
2.457039817511573900e+06 1.011713000644032689e+00 1.380514089676008506e-02
2.457039817858796101e+06 1.017232936785461783e+00 1.400320098671163638e-02
2.457039818206018303e+06 1.012835626619891238e+00 1.386585931626995588e-02
2.457039818553240970e+06 9.861238885349630223e-01 1.337593330055858280e-02
2.457039818900463171e+06 1.048121917943287240e+00 1.409804310336506238e-02
2.457039819247685373e+06 1.016892903852324892e+00 1.409556542545289254e-02
2.457039819594907574e+06 1.009536873045898009e+00 1.414809510094990584e-02
2.457039819942129776e+06 9.864550737657594714e-01 1.397819522289416028e-02
2.457039820289351977e+06 9.665354825455196863e-01 1.354657888010301139e-02
2.457039820636574179e+06 1.010510632758694349e+00 1.394360080975950641e-02
2.457039820983796380e+06 1.014898022387337395e+00 1.396656474296691965e-02
2.457039821331018582e+06 9.785071745330735649e-01 1.371671518155179008e-02
2.457039821678240784e+06 1.020496793709484207e+00 1.395441812044804185e-02
2.457039822025462985e+06 9.993362274454725691e-01 1.376436494169652226e-02
2.457039822372685187e+06 1.000397990092668721e+00 1.382186969560642367e-02
2.457039822719907388e+06 9.579086998410873965e-01 1.353733046049950157e-02
2.457039823067129590e+06 1.033630656467521058e+00 1.390109070381431375e-02
2.457039823414351791e+06 1.022392765334497300e+00 1.411570170848714355e-02
2.457039823761573993e+06 1.021894793876441776e+00 1.407259590508233918e-02
2.457039824108796194e+06 9.642582111358315444e-01 1.345007643991165749e-02
2.457039824456018396e+06 9.817584209454209843e-01 1.398176646580985734e-02
2.457039824803240597e+06 9.773741699335904975e-01 1.382204646754361943e-02
2.457039825150462799e+06 1.015518121315563072e+00 1.396339191744758353e-02
2.457039825497685000e+06 9.938996126729714442e-01 1.376295560693852928e-02
2.457039825844907202e+06 9.893746602819442071e-01 1.375578516806110797e-02
2.457039826192129403e+06 9.769928165052893521e-01 1.358765357554241569e-02
2.457039826539352071e+06 9.955370130861119771e-01 1.409946098682707087e-02
2.457039826886574272e+06 1.016438180160885496e+00 1.432786369906148202e-02
2.457039827233796474e+06 1.004748536805709636e+00 1.414149193201009493e-02
2.457039827581018675e+06 1.009421437238096297e+00 1.396630076830727984e-02
2.457039827928240877e+06 9.759778744597168432e-01 1.382453378763875453e-02
2.457039828275463078e+06 9.915781340274618660e-01 1.394038310994342826e-02
2.457039828622685280e+06 9.688042073079655703e-01 1.385981925011089966e-02
2.457039828969907481e+06 9.641233904693712331e-01 1.352481032096609047e-02
2.457039829317129683e+06 1.004708586945075588e+00 1.399071477175764695e-02
2.457039829664351884e+06 1.028928544693671565e+00 1.384793570540854453e-02
2.457039830011574086e+06 9.841924250296406607e-01 1.389556428567971340e-02
2.457039830358796287e+06 1.018249121952620184e+00 1.413475736419526722e-02
2.457039830706018489e+06 1.011818004394244408e+00 1.383923894958353183e-02
2.457039831053240690e+06 1.028531268781163410e+00 1.400576739113085223e-02
2.457039831400462892e+06 9.676365177223403835e-01 1.361922624144339816e-02
2.457039831747685093e+06 9.195450591294189735e-01 1.279631713403435282e-02
2.457039832094907295e+06 1.006015324697236091e+00 1.393296734675548466e-02
2.457039832442129496e+06 1.014933361812406787e+00 1.401482813688106725e-02
2.457039832789351698e+06 1.029766350544563114e+00 1.373065464193936117e-02
2.457039833136573900e+06 9.996052209216448325e-01 1.399372734492472688e-02
2.457039833483796101e+06 9.894863110250722293e-01 1.390087664771490206e-02
2.457039833831018303e+06 9.363892520988443824e-01 1.320503029465375407e-02
2.457039834178240970e+06 9.884520174835856876e-01 1.367351168642006592e-02
2.457039834525463171e+06 1.005887292932187371e+00 1.357444720816956482e-02
2.457039834872685373e+06 1.008283577451092317e+00 1.399494134596329133e-02
2.457039835219907574e+06 1.032512824809131757e+00 1.409764877166525161e-02
2.457039835567129776e+06 9.856491487407056384e-01 1.353835665074651015e-02
2.457039835914351977e+06 9.451198964151420467e-01 1.333862738021875452e-02
2.457039836261574179e+06 1.007109192232002792e+00 1.375349923720030169e-02
2.457039836608796380e+06 9.738126817207696240e-01 1.378236929417450338e-02
2.457039836956018582e+06 1.023009237815388550e+00 1.410447816615607169e-02
2.457039837303240784e+06 1.046911639044235898e+00 1.422761166030451878e-02
2.457039837650462985e+06 9.323357152248135105e-01 1.360452205314945963e-02
2.457039837997685187e+06 9.459674367549436580e-01 1.365867284171968198e-02
2.457039838344907388e+06 9.982024902298742841e-01 1.384462751127853337e-02
2.457039838692129590e+06 9.325291258834592645e-01 1.307917761611453525e-02
2.457039839039351791e+06 1.009972352277948682e+00 1.352412424050236650e-02
2.457039839386573993e+06 1.023818337319183591e+00 1.386583956850880213e-02
2.457039839733796194e+06 1.015072538326903251e+00 1.391480252615873679e-02
2.457039840081018396e+06 9.829336159877278822e-01 1.383263977365685633e-02
2.457039840428240597e+06 9.655135047542297011e-01 1.361673775886096047e-02
2.457039840775462799e+06 9.653374848714800782e-01 1.331249132486509064e-02
2.457039841122685000e+06 9.978373181111337420e-01 1.382011255509617113e-02
2.457039841469907202e+06 9.649971468051026235e-01 1.332430603758335587e-02
2.457039841817129403e+06 1.017149680274209489e+00 1.390348370412005513e-02
2.457039842164352071e+06 9.970930104883747314e-01 1.390467420778472053e-02
2.457039842511574272e+06 1.031264487252590456e+00 1.415419665853040465e-02
2.457039842858796474e+06 9.848560759350918348e-01 1.385371405649383700e-02
2.457039843206018675e+06 9.641640108237460316e-01 1.369864455192073595e-02
2.457039843553240877e+06 9.807605866199727851e-01 1.362703509938860413e-02
2.457039843900463078e+06 9.533581633394313526e-01 1.350237046228949279e-02
2.457039844247685280e+06 1.007803978487741725e+00 1.390409798974284565e-02
2.457039844594907481e+06 9.996577769024428406e-01 1.381773741496019996e-02
2.457039844942129683e+06 9.674462410602499007e-01 1.350172465201597040e-02
2.457039845289351884e+06 9.429421061185361275e-01 1.372716635034850266e-02
2.457039845636574086e+06 9.687278943380688290e-01 1.326669709658821403e-02
2.457039845983796287e+06 9.798459579859478685e-01 1.360346877487554618e-02
2.457039846331018489e+06 1.031378353670991732e+00 1.380932724238440913e-02
2.457039846678240690e+06 9.780161573064022340e-01 1.368283239469199677e-02
2.457039847025462892e+06 9.609870317696376230e-01 1.350671082739501525e-02
2.457039847372685093e+06 1.022476397932780667e+00 1.413320364447015476e-02
2.457039847719907295e+06 9.913292045572000832e-01 1.412886731936886624e-02
2.457039848067129496e+06 1.004541628715358126e+00 1.401266341047626741e-02
2.457039848414351698e+06 9.911089083274449152e-01 1.383367706692162531e-02
2.457039848761573900e+06 9.700303206486085017e-01 1.366759619024414223e-02
2.457039849108796101e+06 9.781485969945995507e-01 1.367278600389580483e-02
2.457039849456018303e+06 9.552719751740612608e-01 1.359758449404472117e-02
2.457039849803240970e+06 9.767757279770354906e-01 1.354579234254910461e-02
2.457039850150463171e+06 9.958437187109387967e-01 1.382152070037217552e-02
2.457039850497685373e+06 9.821152780606255961e-01 1.366425047938509343e-02
2.457039850844907574e+06 9.835042634560108299e-01 1.369732084061632896e-02
2.457039851192129776e+06 9.677260347102760729e-01 1.370110318605735622e-02
2.457039851539351977e+06 1.001101327856778633e+00 1.369126570416069610e-02
2.457039851886574179e+06 9.732459092176741766e-01 1.360689644411974472e-02
2.457039852233796380e+06 9.669454399002971323e-01 1.337120365723181402e-02
2.457039852581018582e+06 9.936294573933871499e-01 1.374353647266220169e-02
2.457039852928240784e+06 9.734053094348360524e-01 1.362546522949680851e-02
2.457039853275462985e+06 9.939333654786854932e-01 1.378816197509782730e-02
2.457039853622685187e+06 9.827250213857110506e-01 1.366409556095688968e-02
2.457039853969907388e+06 9.979878209293995273e-01 1.389169351679519181e-02
2.457039854317129590e+06 1.002916632921491802e+00 1.361718308606392307e-02
2.457039854664351791e+06 9.564276279163783645e-01 1.360700127253614000e-02
2.457039855011573993e+06 9.872244578094241385e-01 1.373616711428491018e-02
2.457039855358796194e+06 9.861478477679592736e-01 1.373900986350206493e-02
2.457039855706018396e+06 9.698572165407463030e-01 1.348895567352844348e-02
2.457039856053240597e+06 9.654614517896078496e-01 1.364713130691149780e-02
2.457039856400462799e+06 9.787997007773513447e-01 1.379400040409350589e-02
2.457039856747685000e+06 9.946171728258487166e-01 1.377825071916178278e-02
2.457039857094907202e+06 1.013052720868649059e+00 1.399402724096923158e-02
2.457039857442129403e+06 9.702308266607140297e-01 1.373470615267717750e-02
2.457039857789352071e+06 9.632234302577767915e-01 1.369658465290202708e-02
2.457039858136574272e+06 9.391212549608936033e-01 1.332952436502133492e-02
2.457039858483796474e+06 9.487866810738531109e-01 1.354692419273551690e-02
2.457039858831018675e+06 9.937395192654119302e-01 1.355888264648967903e-02
2.457039859178240877e+06 1.031595760010117102e+00 1.393734653217084188e-02
2.457039859525463078e+06 1.016916928771447903e+00 1.377742930092496106e-02
2.457039859872685280e+06 9.911916988713711518e-01 1.397613639716084079e-02
2.457039860219907481e+06 9.753283744391488819e-01 1.377347552138720108e-02
2.457039860567129683e+06 1.019549673648732169e+00 1.400144150727022571e-02
2.457039860914351884e+06 1.034565080091259359e+00 1.439493282768310178e-02
2.457039861261574086e+06 1.020886237582574907e+00 1.399393268336356945e-02
2.457039861608796287e+06 9.702540085368708267e-01 1.361999295029447596e-02
2.457039861956018489e+06 9.859425808904010990e-01 1.397188174605179696e-02
2.457039862303240690e+06 9.890233633752074649e-01 1.358897562096220667e-02
2.457039862650462892e+06 9.488225642845469210e-01 1.346896367325875823e-02
2.457039862997685093e+06 9.702029510863006134e-01 1.365419109423877085e-02
2.457039863344907295e+06 1.018096701992849296e+00 1.399456799777990847e-02
2.457039863692129496e+06 9.874157930852336396e-01 1.395756957706473234e-02
2.457039864039351698e+06 1.027168956516715914e+00 1.409005892940561402e-02
2.457039864386573900e+06 9.777801548225377726e-01 1.352662137473687604e-02
2.457039864733796101e+06 1.036183974863348789e+00 1.411278095052897856e-02
2.457039865081018303e+06 9.780324873344967695e-01 1.367475256157825100e-02
2.457039865428240970e+06 9.845039014857712711e-01 1.362587531772829243e-02
2.457039865775463171e+06 9.882964905909302766e-01 1.379929067701139017e-02
2.457039866122685373e+06 9.855137762851711170e-01 1.361258282933754983e-02
2.457039866469907574e+06 9.747454422667773954e-01 1.372660445768647541e-02
2.457039866817129776e+06 1.010540057094748256e+00 1.390306844626868973e-02
2.457039867164351977e+06 1.010364560217677843e+00 1.400211247786983804e-02
2.457039867511574179e+06 9.700670092423523405e-01 1.356990541537922597e-02
2.457039867858796380e+06 1.005502356693347865e+00 1.381649029574472110e-02
2.457039868206018582e+06 1.004625805141817985e+00 1.380302143118911952e-02
2.457039868553240784e+06 1.001946534805533418e+00 1.381172692640869441e-02
2.457039868900462985e+06 9.900812026815635214e-01 1.413684053934164721e-02
2.457039869247685187e+06 1.046229706580671825e+00 1.455516109925628250e-02
2.457039869594907388e+06 9.775857421418006066e-01 1.401485057650504913e-02
2.457039869942129590e+06 9.837510910591119595e-01 1.369447366506645024e-02
2.457039870289351791e+06 1.034135702214096453e+00 1.407772719185302300e-02
2.457039870636573993e+06 9.858243046322925363e-01 1.394669355594973029e-02
2.457039870983796194e+06 9.696212859596601286e-01 1.382457996575220914e-02
2.457039871331018396e+06 1.013879455906893989e+00 1.404163945284804191e-02
2.457039871678240597e+06 9.336593393530566720e-01 1.364700263115560877e-02
2.457039872025462799e+06 9.914114847444905898e-01 1.405262287949483359e-02
2.457039872372685000e+06 9.989116963882875844e-01 1.416495573133104771e-02
2.457039872719907202e+06 9.823674151707048052e-01 1.364228890550174024e-02
2.457039873067129403e+06 1.006310697015945665e+00 1.405505488865348325e-02
2.457039873414352071e+06 9.684764734168866962e-01 1.352284596642230365e-02
2.457039873761574272e+06 1.028333889722973016e+00 1.432194011063927901e-02
2.457039874108796474e+06 9.594819678939537910e-01 1.353791778833169160e-02
2.457039874456018675e+06 9.773405128749228510e-01 1.383893173064556191e-02
2.457039874803240877e+06 9.803459499318466497e-01 1.355259825165011471e-02
2.457039875150463078e+06 9.724758930720442951e-01 1.366010439890041547e-02
2.457039875497685280e+06 1.033466376724001545e+00 1.409550234132056490e-02
2.457039875844907481e+06 1.014057065093087129e+00 1.420747257607112360e-02
2.457039876192129683e+06 9.717438192868008695e-01 1.393734461353078775e-02
2.457039876539351884e+06 9.502561712361052848e-01 1.355268171539479073e-02
2.457039876886574086e+06 9.972117599864509518e-01 1.396668511009878724e-02
2.457039877233796287e+06 9.633346993588467466e-01 1.369625656422441412e-02
2.457039877581018489e+06 1.001574457815380459e+00 1.390714927273988336e-02
2.457039877928240690e+06 9.872131595198312404e-01 1.433547045839578087e-02
2.457039878275462892e+06 9.881948722167880339e-01 1.386736663453596100e-02
2.457039878622685093e+06 1.032714031218026962e+00 1.449517013065291897e-02
2.457039878969907295e+06 9.914034047275825934e-01 1.411085107877142406e-02
2.457039879317129496e+06 9.786565133626623503e-01 1.417956235073396416e-02
2.457039879664351698e+06 9.736129439532430485e-01 1.410521276162607536e-02
2.457039880011573900e+06 1.016771745208806088e+00 1.389074337125303406e-02
2.457039880358796101e+06 1.000931327836124929e+00 1.414506633925092724e-02
2.457039880706018303e+06 1.014190820639496282e+00 1.430366644417596297e-02
2.457039881053240970e+06 9.585309127158522235e-01 1.369157680133551054e-02
2.457039881400463171e+06 9.787975228244054637e-01 1.380018816485020262e-02
2.457039881747685373e+06 9.867815943604203444e-01 1.401187711133054792e-02
2.457039882094907574e+06 9.986505375827305908e-01 1.395657242468491786e-02
2.457039882442129776e+06 1.010508571938828259e+00 1.417039979636135552e-02
2.457039882789351977e+06 9.704315307145092717e-01 1.390302067891239710e-02
2.457039883136574179e+06 1.023857792726977411e+00 1.435632526859980697e-02
2.457039883483796380e+06 1.010582395143429846e+00 1.435235688738206207e-02
2.457039883831018582e+06 1.001563396890736479e+00 1.416951366975948909e-02
2.457039884178240784e+06 9.728690790883699480e-01 1.390784627783561711e-02
2.457039884525462985e+06 9.800012590461055773e-01 1.397146057049880249e-02
2.457039884872685187e+06 1.001771229576198685e+00 1.388865156168015563e-02
2.457039885219907388e+06 9.951672206362951467e-01 1.395325045983960253e-02
2.457039885567129590e+06 9.756483263607204082e-01 1.369861159209918682e-02
2.457039885914351791e+06 9.892456526758577340e-01 1.385662285044541274e-02
2.457039886261573993e+06 9.715669646388166436e-01 1.409398340867522997e-02
2.457039886608796194e+06 9.734951608850227478e-01 1.376153785990375834e-02
2.457039886956018396e+06 9.759346715482117851e-01 1.386898405261774089e-02
2.457039887303240597e+06 9.694073174543662574e-01 1.400656312042960171e-02
2.457039887650462799e+06 9.966483539324457741e-01 1.402218513589213213e-02
2.457039887997685000e+06 1.029428986591406803e+00 1.392890289791581457e-02
2.457039888344907202e+06 9.721921456182530674e-01 1.398647548904080259e-02
2.457039888692129403e+06 9.564067579763374516e-01 1.387944174435057701e-02
2.457039889039352071e+06 1.011034012254669046e+00 1.434001521802604796e-02
2.457039889386574272e+06 9.923824217665970782e-01 1.415340429279780647e-02
2.457039889733796474e+06 9.752582548708556009e-01 1.369493202816568327e-02
2.457039890081018675e+06 1.007543243149621182e+00 1.405594088940569954e-02
2.457039890428240877e+06 1.026958155296558983e+00 1.430547821176564836e-02
2.457039890775463078e+06 9.782598071818088270e-01 1.393627441014372130e-02
2.457039891122685280e+06 1.030782798851563431e+00 1.412640329059147541e-02
2.457039891469907481e+06 9.958526542500681922e-01 1.438377883351917019e-02
2.457039891817129683e+06 1.006510529846269320e+00 1.454380066953396208e-02
2.457039892164351884e+06 9.520496755854638282e-01 1.376354453618412396e-02
2.457039892511574086e+06 9.901358869855956257e-01 1.408538416559773979e-02
2.457039892858796287e+06 1.019530092255765741e+00 1.455001218494758088e-02
2.457039893206018489e+06 1.005829532232807244e+00 1.430721484279982511e-02
2.457039893553240690e+06 1.011299521315059069e+00 1.412113847497317894e-02
2.457039893900462892e+06 9.472432375178588826e-01 1.398083840772829448e-02
2.457039894247685093e+06 1.045231495467163096e+00 1.445358871295239836e-02
2.457039894594907295e+06 1.023632910502906501e+00 1.460870563772579712e-02
2.457039894942129496e+06 9.597484068436255011e-01 1.389238449274029195e-02
2.457039895289351698e+06 9.847320930991197985e-01 1.425217113064171023e-02
2.457039895636573900e+06 1.010254134448510754e+00 1.428559225788189613e-02
2.457039895983796101e+06 9.591180362319566832e-01 1.408069297253949394e-02
2.457039896331018303e+06 1.000771901369321037e+00 1.420929555929513477e-02
2.457039896678240970e+06 9.694811710103367064e-01 1.393519472612327753e-02
2.457039897025463171e+06 9.549846059509667917e-01 1.443739492704654293e-02
2.457039897372685373e+06 9.832526614086900540e-01 1.421922346307516807e-02
2.457039897719907574e+06 9.993940741566309516e-01 1.392179991006915231e-02
2.457039898067129776e+06 9.794891156871419202e-01 1.417013918335997304e-02
2.457039898414351977e+06 9.992771926393259063e-01 1.413187510928105503e-02
2.457039898761574179e+06 1.029290491491372750e+00 1.465080303555120131e-02
2.457039899108796380e+06 9.856264288751357405e-01 1.436062506809417452e-02
2.457039899456018582e+06 9.617376880684493923e-01 1.399500534828643054e-02
2.457039899803240784e+06 9.286812894448083222e-01 1.379295513885276693e-02
2.457039900150462985e+06 9.637328018554807141e-01 1.406803707829606259e-02
2.457039900497685187e+06 1.015578067260097139e+00 1.469166095992615467e-02
2.457039900844907388e+06 9.855451671025097227e-01 1.401957021611592233e-02
2.457039901192129590e+06 9.640702889495301742e-01 1.454638234814783528e-02
2.457039901539351791e+06 9.768364213493582193e-01 1.447055712431343129e-02
2.457039901886573993e+06 9.940462464712339630e-01 1.447038615041629055e-02
2.457039902233796194e+06 1.030615880818911201e+00 1.490692055406408860e-02
2.457039902581018396e+06 1.016952620297900900e+00 1.463991258813609683e-02
2.457039902928240597e+06 1.017965527690420258e+00 1.494978137484968654e-02
2.457039903275462799e+06 9.967594061643866299e-01 1.477231550856642275e-02
2.457039903622685000e+06 1.000691628057551519e+00 1.455075769119294760e-02
2.457039903969907202e+06 9.742410485990249391e-01 1.437568956245749430e-02
2.457039904317129403e+06 9.858932583486765822e-01 1.421402000165485242e-02
2.457039904664352071e+06 9.781465924868572026e-01 1.430368168375056696e-02
2.457039905011574272e+06 9.912662161463119403e-01 1.460367124945169924e-02
2.457039905358796474e+06 1.034524829179169769e+00 1.449051414310948901e-02
2.457039905706018675e+06 9.673696429242288897e-01 1.375091920822066500e-02
2.457039906053240877e+06 1.027693195887853905e+00 1.469224645361990461e-02
2.457039906400463078e+06 1.006003330401058937e+00 1.445564123334721479e-02
2.457039906747685280e+06 9.921127920087288166e-01 1.432170787072935617e-02
2.457039907094907481e+06 9.416082984827878199e-01 1.451094351057157124e-02
2.457039907442129683e+06 1.037702032422033405e+00 1.459743440514580173e-02
2.457039907789351884e+06 9.836575209181345203e-01 1.452850014622883781e-02
2.457039908136574086e+06 9.661679368596849393e-01 1.415408536404419437e-02
2.457039908483796287e+06 9.924121038103322912e-01 1.429094785494731262e-02
2.457039908831018489e+06 1.001654438452716844e+00 1.448440854640992148e-02
2.457039909178240690e+06 9.722630050338770813e-01 1.424039493372535742e-02
2.457039909525462892e+06 9.820786070892306707e-01 1.421680518767431088e-02
2.457039909872685093e+06 1.016586012000571859e+00 1.465769792325831086e-02
2.457039910219907295e+06 9.797136786734469416e-01 1.431081539395131011e-02
2.457039910567129496e+06 9.896155069061053355e-01 1.443421605178919764e-02
2.457039910914351698e+06 9.939538732878424598e-01 1.434647466412454150e-02
2.457039911261573900e+06 9.802392804672147575e-01 1.444149088673376408e-02
2.457039911608796101e+06 9.522408314541540575e-01 1.416522991126973122e-02
2.457039911956018303e+06 1.017889952012558830e+00 1.468958507164685144e-02
2.457039912303240970e+06 9.601866023260129390e-01 1.439312382855351992e-02
2.457039912650463171e+06 9.797119066903768880e-01 1.466498265115328062e-02
2.457039912997685373e+06 9.638679815686840291e-01 1.433296539221730163e-02
2.457039913344907574e+06 9.688463458858335153e-01 1.447388072946943771e-02
2.457039913692129776e+06 9.760348659558255591e-01 1.445903145553632634e-02
2.457039914039351977e+06 1.064734581732575069e+00 1.512578482549178059e-02
2.457039914386574179e+06 9.568954910013806048e-01 1.453308678005205135e-02
2.457039914733796380e+06 9.498973471586931172e-01 1.451895807100432936e-02
2.457039915081018582e+06 1.069898527941727018e+00 1.532939525453195888e-02
2.457039915428240784e+06 9.731811066344389083e-01 1.431317730245731945e-02
2.457039915775462985e+06 9.807020241119628334e-01 1.448000790776554983e-02
2.457039916122685187e+06 9.896859547406502422e-01 1.451360931781419186e-02
2.457039916469907388e+06 9.429333925189438137e-01 1.440536437879248038e-02
2.457039916817129590e+06 9.768069109683342743e-01 1.483966906382045911e-02
2.457039917164351791e+06 9.812332388548741235e-01 1.463399559560402130e-02
2.457039917511573993e+06 9.930609252790659758e-01 1.472229876595696103e-02
2.457039917858796194e+06 9.899878959440010506e-01 1.463791020115782701e-02
2.457039918206018396e+06 9.732667556882418358e-01 1.452180494176373050e-02
2.457039918553240597e+06 9.431441197816395894e-01 1.439149257928281321e-02
2.457039918900462799e+06 9.922091238412554803e-01 1.463214198731248306e-02
2.457039919247685000e+06 9.980881039062367011e-01 1.444093868229424579e-02
2.457039919594907202e+06 9.406473189831856541e-01 1.404022520106956544e-02
2.457039919942129403e+06 9.918507727032784826e-01 1.459289026239840061e-02
2.457039920289352071e+06 9.981622950450557141e-01 1.458772896276992574e-02
2.457039920636574272e+06 9.920996579400063187e-01 1.428700448181417434e-02
2.457039920983796474e+06 1.016634620425620694e+00 1.485144489531098344e-02
2.457039921331018675e+06 1.013273700117115927e+00 1.483586400101802837e-02
2.457039921678240877e+06 9.842363460434507827e-01 1.443016845085728049e-02
2.457039922025463078e+06 9.522786287618543177e-01 1.457866199522686416e-02
2.457039922372685280e+06 9.522720452914916756e-01 1.413010184197571219e-02
2.457039922719907481e+06 9.903617062925281767e-01 1.453873071789351518e-02
2.457039923067129683e+06 9.623134874692523821e-01 1.436167109832254228e-02
2.457039923414351884e+06 9.778121316881912550e-01 1.478490682640627371e-02
2.457039923761574086e+06 9.581172494949463658e-01 1.428982990971884061e-02
2.457039924108796287e+06 9.924219513123181402e-01 1.463745005592880129e-02
2.457039924456018489e+06 9.631037187655362430e-01 1.464823904198377449e-02
2.457039924803240690e+06 9.927483413610898033e-01 1.446055661786259904e-02
2.457039925150462892e+06 1.003781416613266808e+00 1.451147116914198315e-02
2.457039925497685093e+06 9.472801342256617074e-01 1.431090501415712909e-02
2.457039925844907295e+06 9.888028711151526373e-01 1.441710517225540389e-02
2.457039926192129496e+06 1.003101037429668274e+00 1.496214552116249125e-02
2.457039926539351698e+06 9.442603517004691804e-01 1.449860547352232153e-02
2.457039926886573900e+06 9.821413706660816478e-01 1.460922317502996032e-02
2.457039927233796101e+06 1.012303486896122484e+00 1.514154068621976872e-02
2.457039927581018303e+06 9.827444904057539565e-01 1.512928246900190760e-02
2.457039927928240970e+06 1.002283137609863317e+00 1.459486698749280602e-02
2.457039928275463171e+06 9.944294628677557979e-01 1.491371901947857910e-02
2.457039928622685373e+06 9.956664503255345799e-01 1.495533517667801265e-02
2.457039928969907574e+06 9.902815115362582077e-01 1.521456116807943723e-02
2.457039929317129776e+06 1.013156085816278029e+00 1.526517327066632783e-02
2.457039929664351977e+06 1.017044821966684331e+00 1.523127132885705899e-02
2.457039930011574179e+06 9.736334552804406517e-01 1.454543406023073131e-02
2.457039930358796380e+06 1.001697698595457542e+00 1.500132949587804597e-02
2.457039930706018582e+06 1.007218400506297629e+00 1.489624455215337630e-02
2.457039931053240784e+06 1.014058934998239847e+00 1.513254211901991775e-02
2.457039931400462985e+06 1.007609203298164724e+00 1.536009883938894462e-02
2.457039931747685187e+06 9.515535922817206504e-01 1.438199766736002021e-02
2.457039932094907388e+06 9.693219381029791748e-01 1.438109973158716373e-02
2.457039932442129590e+06 1.007677855919951515e+00 1.469694812845552707e-02
2.457039932789351791e+06 9.788036890837096271e-01 1.467751446307370526e-02
2.457039933136573993e+06 9.617258450547812032e-01 1.455421975473148062e-02
2.457039933483796194e+06 1.003809505936599011e+00 1.471069074180643248e-02
2.457039933831018396e+06 9.779612030727723448e-01 1.469228748558519711e-02
2.457039934178240597e+06 9.931093155828201180e-01 1.499978737500216007e-02
2.457039934525462799e+06 1.002651787031592967e+00 1.478808928601174112e-02
2.457039934872685000e+06 1.032705508551094109e+00 1.558077335313616356e-02
2.457039935219907202e+06 9.579900692027866205e-01 1.500040364165294848e-02
2.457039935567129403e+06 9.923681539017427111e-01 1.487062426601697997e-02
2.457039935914352071e+06 1.067066907012950372e+00 1.549345639904222381e-02
2.457039936261574272e+06 1.003942036587463393e+00 1.494765368251977332e-02
2.457039936608796474e+06 1.008018244723925427e+00 1.485161561267390497e-02
2.457039936956018675e+06 1.005894595176480832e+00 1.523372679111668036e-02
2.457039937303240877e+06 1.007535662500997464e+00 1.506545386757176912e-02
2.457039937650463078e+06 1.043573577193394275e+00 1.521494169583705557e-02
2.457039937997685280e+06 9.766599254076427927e-01 1.476476382776917284e-02
2.457039938344907481e+06 9.903040221284096223e-01 1.478633180961710925e-02
2.457039938692129683e+06 9.425663106562357507e-01 1.486712249726549959e-02
2.457039939039351884e+06 1.011807731012406730e+00 1.521798629463698080e-02
2.457039939386574086e+06 9.586085923839042788e-01 1.459171192110370746e-02
2.457039939733796287e+06 1.022859355698806372e+00 1.531778334807825694e-02
2.457039940081018489e+06 9.928751119856416008e-01 1.514681466909912136e-02
2.457039940428240690e+06 9.899874274034721200e-01 1.483575616252377598e-02
2.457039940775462892e+06 9.905498236053458250e-01 1.494512303834974638e-02
2.457039941122685093e+06 9.941477259669264654e-01 1.515727051011573658e-02
2.457039941469907295e+06 9.650327199309699511e-01 1.514414960719720829e-02
2.457039941817129496e+06 9.625833447970069123e-01 1.512990389573746694e-02
2.457039942164351698e+06 1.017000099044344852e+00 1.560203101447601645e-02
2.457039942511573900e+06 9.775094299115340002e-01 1.514885389593807405e-02
2.457039942858796101e+06 9.570714270198120710e-01 1.465429412785035183e-02
2.457039943206018303e+06 1.012301699731013915e+00 1.538298653952360935e-02
2.457039943553240970e+06 9.748954727203290593e-01 1.546438538032686785e-02
2.457039943900463171e+06 1.021573412036173689e+00 1.542713640868976881e-02
2.457039944247685373e+06 1.030663849594321890e+00 1.553964105519494050e-02
2.457039944594907574e+06 1.045495256247171101e+00 1.560583302872744181e-02
2.457039944942129776e+06 1.040199740559955011e+00 1.561520333067529728e-02
2.457039945289351977e+06 9.987594950464797616e-01 1.512692998844736118e-02
2.457039945636574179e+06 1.022194334439715968e+00 1.555544265978975153e-02
2.457039945983796380e+06 9.774078157567623881e-01 1.496501090310809780e-02
2.457039946331018582e+06 1.010182485965116506e+00 1.581797675886289362e-02
2.457039946678240784e+06 9.914956698813137681e-01 1.501269441858699497e-02
2.457039947025462985e+06 9.477748853626660752e-01 1.506211075322204211e-02
2.457039947372685187e+06 9.946507696326869485e-01 1.541649440666283122e-02
2.457039947719907388e+06 9.713951457797587175e-01 1.560051723892602084e-02
2.457039948067129590e+06 9.687929694284234117e-01 1.526010398068481516e-02
2.457039948414351791e+06 1.015026989028676496e+00 1.552799644302040732e-02
2.457039948761573993e+06 9.677504191699668468e-01 1.516271277559484536e-02
2.457039949108796194e+06 9.754125580042722898e-01 1.525369906705380599e-02
2.457039949456018396e+06 1.072738239763897150e+00 1.579990716564758785e-02
2.457039949803240597e+06 1.014988933674274785e+00 1.548193228076879743e-02
2.457039950150462799e+06 1.054308478467332444e+00 1.579385128938359806e-02
2.457039950497685000e+06 9.934750319366995042e-01 1.535344116949008408e-02
2.457039950844907202e+06 9.834346853233443264e-01 1.500007390467839041e-02
2.457039951192129403e+06 1.022727501022058449e+00 1.579374401580359993e-02
2.457039951539352071e+06 9.740902773864504871e-01 1.566193510288399482e-02
2.457039951886574272e+06 9.680695884004768548e-01 1.560116144247431988e-02
2.457039952233796474e+06 1.000303033310143030e+00 1.557095804286233801e-02
2.457039952581018675e+06 1.003007746066730377e+00 1.510170898466268660e-02
2.457039952928240877e+06 1.001887236216820298e+00 1.556438559098932695e-02
2.457039953275463078e+06 1.045893391421108598e+00 1.570644817003760338e-02
2.457039953622685280e+06 9.517058775602317278e-01 1.531883415523565758e-02
2.457039953969907481e+06 9.388888606529998127e-01 1.534897436987268243e-02
2.457039954317129683e+06 9.640415385637225443e-01 1.602459390725190225e-02
2.457039954664351884e+06 1.021794999368768053e+00 1.592633968682910170e-02
2.457039955011574086e+06 9.615299174208079558e-01 1.533485976520443037e-02
2.457039955358796287e+06 1.001048896633981666e+00 1.564898835402796923e-02
2.457039955706018489e+06 1.011547228879311700e+00 1.575245145500017707e-02
2.457039956053240690e+06 9.987587382568071659e-01 1.552941455915677303e-02
2.457039956400462892e+06 1.001402072184217396e+00 1.564851970582827392e-02
2.457039956747685093e+06 9.976569478680051839e-01 1.574276221100148407e-02
2.457039957094907295e+06 1.010572779717382907e+00 1.571255505246222511e-02
2.457039957442129496e+06 9.936129164962939075e-01 1.562915977793360306e-02
2.457039957789351698e+06 1.044830725581063158e+00 1.612645375359905361e-02
2.457039958136573900e+06 9.830578334935210494e-01 1.550816566416606500e-02
2.457039958483796101e+06 1.026807795728340800e+00 1.590621173472804226e-02
2.457039958831018303e+06 9.611446768747544667e-01 1.598063266795399229e-02
2.457039959178240970e+06 1.008462050541082178e+00 1.575681074645617075e-02
2.457039959525463171e+06 9.569067255240736314e-01 1.559911224485318118e-02
2.457039959872685373e+06 9.964087603544704574e-01 1.543546370553292024e-02
2.457039960219907574e+06 9.830632365267142347e-01 1.547521870597607166e-02
2.457039960567129776e+06 9.614118629243700864e-01 1.580899776962938624e-02
2.457039960914351977e+06 9.818387404227871817e-01 1.554915710751334466e-02
2.457039961261574179e+06 9.796884884275345318e-01 1.570270401101610952e-02
2.457039961608796380e+06 9.883491545496615460e-01 1.583085507802539302e-02
2.457039961956018582e+06 9.528687817195643506e-01 1.527061977842313067e-02
2.457039962303240784e+06 9.715212188767521351e-01 1.574523680569964168e-02
2.457039962650462985e+06 9.534669433019976603e-01 1.564175142586159140e-02
2.457039962997685187e+06 9.937960895774028414e-01 1.541233809867942513e-02
2.457039963344907388e+06 1.026546065234262617e+00 1.620249443976761253e-02
2.457039963692129590e+06 9.964201215058580141e-01 1.592588745957273719e-02
2.457039964039351791e+06 9.858863963754618265e-01 1.600474338509425692e-02
2.457039964386573993e+06 9.752731870051278840e-01 1.602028918582618436e-02
2.457039964733796194e+06 9.689834571460684831e-01 1.559175395322299346e-02
2.457039965081018396e+06 9.297058557435947668e-01 1.571838892933402967e-02
2.457039965428240597e+06 1.001884104446417290e+00 1.598154807021019350e-02
2.457039965775462799e+06 1.003471908005891811e+00 1.642611624952267438e-02
2.457039966122685000e+06 9.971938037650524000e-01 1.600099860950309275e-02
2.457039966469907202e+06 9.754722296408304683e-01 1.565238176593239730e-02
2.457039966817129403e+06 1.003167631358816037e+00 1.627361483238812592e-02
2.457039967164352071e+06 1.028064204082421496e+00 1.606470725221898280e-02
2.457039967511574272e+06 9.966988209837231993e-01 1.607433605787571620e-02
2.457039967858796474e+06 9.990038418548743415e-01 1.602010124173855465e-02
2.457039968206018675e+06 1.040978763210603786e+00 1.639865373719834665e-02
2.457039968553240877e+06 1.008399615022988138e+00 1.636618631753786191e-02
2.457039968900463078e+06 9.955034064977033026e-01 1.608577770788981176e-02
2.457039969247685280e+06 9.892176134274484056e-01 1.643019848240265604e-02
2.457039969594907481e+06 1.057244393234702429e+00 1.654117574667293700e-02
2.457039969942129683e+06 1.055420875560030947e+00 1.641692147362943180e-02
2.457039970289351884e+06 9.664481327585670023e-01 1.637156064475326148e-02
2.457039970636574086e+06 1.006690284999864682e+00 1.579092327897511222e-02
2.457039970983796287e+06 1.008938994289564128e+00 1.640055427727776446e-02
2.457039971331018489e+06 9.789766140217003310e-01 1.622497229594994234e-02
2.457039971678240690e+06 9.901379286346085884e-01 1.643795946769466970e-02
2.457039972025462892e+06 1.003499121628970370e+00 1.674424276392001004e-02
2.457039972372685093e+06 1.002209594185602848e+00 1.666910005407085463e-02
2.457039972719907295e+06 1.004802418441253398e+00 1.634747140651871336e-02
2.457039973067129496e+06 9.840854478953560136e-01 1.638632673555000252e-02
2.457039973414351698e+06 9.817016704304935004e-01 1.676519192872543210e-02
2.457039973761573900e+06 9.753250108149420505e-01 1.654457276644920316e-02
2.457039974108796101e+06 9.454687489120621180e-01 1.639615431904817289e-02
2.457039974456018303e+06 9.780662501472745518e-01 1.615388817482742850e-02
2.457039974803240970e+06 9.301187377079029872e-01 1.590078140344774321e-02
2.457039975150463171e+06 9.664009459938096569e-01 1.643963383801381323e-02
2.457039975497685373e+06 9.166433455908782335e-01 1.602180873792860560e-02
2.457039975844907574e+06 1.259256310232715226e+00 1.729324894413381344e-02
2.457039976192129776e+06 9.784718231350777451e-01 1.639876542291065012e-02
2.457039976539351977e+06 9.473583505175591224e-01 1.675601359213467478e-02
2.457039976886574179e+06 9.741843583263110062e-01 1.658404391976145420e-02
2.457039977233796380e+06 1.003336186765518834e+00 1.679378414222361740e-02
2.457039977581018582e+06 1.032921509457433551e+00 1.649678956102550512e-02
2.457039977928240784e+06 9.781098535318105691e-01 1.660675641228857163e-02
2.457039978275462985e+06 9.859332168967342991e-01 1.678357446399618771e-02
2.457039978622685187e+06 1.014546557757803891e+00 1.682046675972004995e-02
2.457039978969907388e+06 1.035312203824007016e+00 1.741175807243142831e-02
2.457039979317129590e+06 9.743927557507058301e-01 1.714967224691803238e-02
2.457039979664351791e+06 9.582859134135371937e-01 1.642342246532112540e-02
2.457039980011573993e+06 1.024099995685338937e+00 1.698573683025711781e-02
2.457039980358796194e+06 8.746085346394695259e-01 1.612166257209235454e-02
2.457039980706018396e+06 9.629365052602902875e-01 1.689848824919502543e-02
2.457039981053240597e+06 9.614403147189205523e-01 1.700037481582279686e-02
2.457039981400462799e+06 9.750458092647378283e-01 1.679340810694346375e-02
2.457039981747685000e+06 9.694768107490224773e-01 1.669743380107447869e-02
2.457039982094907202e+06 9.499140911974217616e-01 1.689885002393337957e-02
2.457039982442129403e+06 9.696492532200945424e-01 1.715487735773483721e-02
2.457039982789352071e+06 1.025068958581299539e+00 1.788363789571394136e-02
2.457039983136574272e+06 9.701982736442936739e-01 1.742254272630168813e-02
2.457039983483796474e+06 9.595147125750151940e-01 1.747730941065536031e-02
2.457039983831018675e+06 9.374815443994719555e-01 1.689107465223319351e-02
2.457039984178240877e+06 1.000503735829054497e+00 1.753193907373109053e-02
2.457039984525463078e+06 9.755755542789756873e-01 1.729919980076216612e-02
2.457039984872685280e+06 1.002042763360198707e+00 1.766767244203484508e-02
2.457039985219907481e+06 9.312043171017463372e-01 1.712561121869709060e-02
2.457039985567129683e+06 1.005612533754668858e+00 1.766847012240869638e-02
2.457039985914351884e+06 9.782314602084116739e-01 1.695722413037376725e-02
2.457039986261574086e+06 9.876928042211303715e-01 1.710552038044466788e-02
2.457039986608796287e+06 9.880238537674040922e-01 1.774574882773671813e-02
2.457039986956018489e+06 9.993132008290173118e-01 1.757620478104879314e-02
2.457039987303240690e+06 9.430058344966655293e-01 1.727050641977998999e-02
2.457039987650462892e+06 9.531532997052100109e-01 1.770948351861741446e-02
2.457039987997685093e+06 9.979223716696329349e-01 1.845134459773651106e-02
2.457039988344907295e+06 9.948192074909363303e-01 1.778316994686154895e-02
2.457039988692129496e+06 9.790163306562602585e-01 1.749428030685045224e-02
2.457039989039351698e+06 1.043705055421166872e+00 1.830952556746872142e-02
2.457039989386573900e+06 1.057374025222920899e+00 1.840425525859473374e-02
2.457039989733796101e+06 9.615383361307499044e-01 1.730842994241908739e-02
2.457039990081018303e+06 1.016061048700332980e+00 1.836123630248142832e-02
2.457039990428240970e+06 9.894646228498209517e-01 1.798751518416881814e-02
2.457039990775463171e+06 9.946328977957965556e-01 1.775019074382168383e-02
2.457039991122685373e+06 9.387919465617298176e-01 1.736129521514455029e-02
2.457039991469907574e+06 9.642232302175143266e-01 1.769189111544465162e-02
2.457039991817129776e+06 9.522694485207349180e-01 1.758225057831367885e-02
2.457039992164351977e+06 1.068314557520798846e+00 1.873333608659288191e-02
2.457039992511574179e+06 9.499689699346277605e-01 1.749056263375417530e-02
2.457039992858796380e+06 9.524419475761287668e-01 1.779934731395532710e-02
2.457039993206018582e+06 1.039775255684610267e+00 1.862548383868704513e-02
2.457039993553240784e+06 1.003768828991917550e+00 1.792240161855029879e-02
2.457039993900462985e+06 9.740502036103206862e-01 1.786400158619100287e-02
2.457039994247685187e+06 9.973964111604529670e-01 1.804503923407536209e-02
2.457039994594907388e+06 1.004948582201860008e+00 1.852451804356506845e-02
2.457039994942129590e+06 9.992731002334783730e-01 1.830073824243721309e-02
2.457039995289351791e+06 9.603538973684689894e-01 1.783253078051360088e-02
2.457039995636573993e+06 1.034656835499654370e+00 1.832155479618113175e-02
2.457039995983796194e+06 1.029130044776886077e+00 1.947142754459216946e-02
2.457039996331018396e+06 1.027193124574994343e+00 1.891267490427081879e-02
2.457039996678240597e+06 1.043591961990960604e+00 1.925446245328996456e-02
2.457039997025462799e+06 1.024315405477430163e+00 1.807496910623181130e-02
2.457039997372685000e+06 1.054015528466204721e+00 1.874880319945618906e-02
2.457039997719907202e+06 9.945243479252093843e-01 1.870839359430674989e-02
2.457039998067129403e+06 1.009941347888228425e+00 1.909563437242310299e-02
2.457039998414352071e+06 1.024530876049833505e+00 1.899707357701441862e-02
2.457039998761574272e+06 9.431891679448388688e-01 1.864331078824115959e-02
2.457039999108796474e+06 9.695258872840668563e-01 1.821003527181390413e-02
2.457039999456018675e+06 1.010245614363110001e+00 1.891661696928972208e-02
2.457039999803240877e+06 9.876829369135504688e-01 1.876346033659751292e-02
2.457040000150463078e+06 9.837900205802592168e-01 1.864803619694629239e-02
2.457040000497685280e+06 1.029619420532768670e+00 1.959155313009044302e-02
2.457040000844907481e+06 9.924132260906788350e-01 1.881912508683473984e-02
2.457040001192129683e+06 1.010805110264181739e+00 1.903395463813802729e-02
2.457040001539351884e+06 1.004351149701671719e+00 1.915607339065734938e-02
2.457040001886574086e+06 1.038970199617988088e+00 1.940384693644534725e-02
2.457040002233796287e+06 1.039727375312268443e+00 1.945982313151287807e-02
2.457040002581018489e+06 9.780204778881732564e-01 1.905028130473801831e-02
2.457040002928240690e+06 1.047062038365727643e+00 1.945146312352111911e-02
2.457040003275462892e+06 1.001901398299656964e+00 1.868579664082976530e-02
2.457040003622685093e+06 1.080579946154214266e+00 2.017273281581084127e-02
2.457040003969907295e+06 9.606120257381970395e-01 1.907377860019457416e-02
2.457040004317129496e+06 9.482669685321507558e-01 1.888190743144194453e-02
2.457040004664351698e+06 1.013311615927658060e+00 1.940395170153453794e-02
2.457040005011573900e+06 9.628028193356100717e-01 1.891970423160926548e-02
2.457040005358796101e+06 1.016614442454013556e+00 1.924204660365888900e-02
2.457040005706018303e+06 1.050935720267577533e+00 1.944047838521667515e-02
2.457040006053240970e+06 9.307617240421540705e-01 1.878309744910350298e-02
2.457040006400463171e+06 1.015571360996148753e+00 2.008959601311486459e-02
2.457040006747685373e+06 9.961155500373422012e-01 1.980377302665245476e-02
2.457040007094907574e+06 1.052730769405788136e+00 1.999124669756155090e-02
2.457040007442129776e+06 9.964306636790428717e-01 1.970064445053030036e-02
2.457040007789351977e+06 1.040873133000390194e+00 2.012621552130468283e-02
2.457040008136574179e+06 9.846499618029367351e-01 1.904245982081573599e-02
2.457040008483796380e+06 9.489055929293670477e-01 1.890932902803156568e-02
2.457040008831018582e+06 1.030635273998690815e+00 1.988142926040549138e-02
2.457040009178240784e+06 1.022747681446399826e+00 2.007056582184895549e-02
2.457040009525462985e+06 9.742246966381413742e-01 1.886309685973110856e-02
2.457040009872685187e+06 1.038786876581839769e+00 2.011264675820777573e-02
2.457040010219907388e+06 9.493213673133666930e-01 1.928006004228705397e-02
2.457040010567129590e+06 1.027718563919044259e+00 1.926144698796562749e-02
2.457040010914351791e+06 9.799184133513798578e-01 2.009979652609971898e-02
2.457040011261573993e+06 9.955808537845061146e-01 1.979330881414585394e-02
2.457040011608796194e+06 1.018797820924797204e+00 2.029219224029559301e-02
2.457040011956018396e+06 9.988963404686493908e-01 1.941206483845449998e-02
2.457040012303240597e+06 9.971814906814061574e-01 1.994224479237516681e-02
2.457040012650462799e+06 9.819229346891608090e-01 1.941705192515281661e-02
2.457040012997685000e+06 1.033208370346434535e+00 2.020009720258119507e-02
2.457040013344907202e+06 1.035224021310140907e+00 2.084241082953331922e-02
2.457040013692129403e+06 1.013070807619194103e+00 2.076991339458891112e-02
2.457040014039352071e+06 9.836721653116480280e-01 2.120999814338293127e-02
2.457040014386574272e+06 9.975499301062625834e-01 2.105153518274706717e-02
2.457040014733796474e+06 9.372639178493479273e-01 2.066511617554398980e-02
2.457040015081018675e+06 1.051482046475423315e+00 2.197155864485604224e-02
2.457040015428240877e+06 1.004839977409519580e+00 2.023856618874918939e-02
2.457040015775463078e+06 1.008953280557404630e+00 2.045637799464972498e-02
2.457040016122685280e+06 9.348298207524328163e-01 1.990968307636494655e-02
2.457040016469907481e+06 9.487246905920860840e-01 2.044294055616843742e-02
2.457040016817129683e+06 9.383855599183391627e-01 2.012985885136564859e-02
2.457040017164351884e+06 9.835061932487491054e-01 2.047037748266801460e-02
2.457040017511574086e+06 9.838981648577689310e-01 2.075081744604236056e-02
2.457040017858796287e+06 9.762988000868341176e-01 2.171985460412918789e-02
2.457040018206018489e+06 1.017209353122969784e+00 2.097339506381151741e-02
2.457040018553240690e+06 9.791772325743706151e-01 2.208902497129385314e-02
2.457040018900462892e+06 1.054726271629010004e+00 2.231612023109860385e-02
2.457040019247685093e+06 9.848340429593828160e-01 2.195463911633720178e-02
2.457040019594907295e+06 1.040451346561661161e+00 2.217328824787995201e-02
2.457040019942129496e+06 9.647462599443714648e-01 2.117498234501134086e-02
2.457040020289351698e+06 9.860620243343946045e-01 2.124183304450745491e-02
2.457040020636573900e+06 9.878581578137397567e-01 2.095537439099650831e-02
2.457040020983796101e+06 1.035502622434657294e+00 2.212109860930181610e-02
2.457040021331018303e+06 9.603206301569648939e-01 2.178660013223155181e-02
2.457040021678240970e+06 1.000028219169624144e+00 2.177321917293068704e-02
2.457040022025463171e+06 1.003535977727356032e+00 2.173850584625642776e-02
2.457040022372685373e+06 9.897562269347128794e-01 2.178635595272767136e-02
2.457040022719907574e+06 9.960357355248612432e-01 2.218808544875341265e-02
2.457040023067129776e+06 1.040413334284127078e+00 2.174371905235997909e-02
2.457040023414351977e+06 9.729465139149705566e-01 2.208748296953643581e-02
2.457040023761574179e+06 1.013102986388242366e+00 2.415605268414535572e-02
2.457040024108796380e+06 1.031942421723996084e+00 2.326740516327665750e-02
2.457040024456018582e+06 1.026125317964906580e+00 2.287508601224553031e-02
2.457040024803240784e+06 1.006591525791438624e+00 2.353619412655576573e-02
2.457040025150462985e+06 1.018988197679510321e+00 2.250898673206970513e-02
2.457040025497685187e+06 1.021709969373747917e+00 2.363182769794179919e-02
2.457040025844907388e+06 9.789867098243398846e-01 2.294075461082577955e-02
2.457040026192129590e+06 9.661404594569342752e-01 2.252207998229001709e-02
2.457040026539351791e+06 9.158195167914713331e-01 2.175457319131605255e-02
2.457040026886573993e+06 9.430472179222898488e-01 2.260821935296200916e-02
2.457040027233796194e+06 9.891057860322325368e-01 2.383484339680852146e-02
2.457040027581018396e+06 9.742280269576023555e-01 2.238724111194578120e-02
2.457040027928240597e+06 9.719204125182016041e-01 2.332357991883418288e-02
2.457040028275462799e+06 1.042600557803109229e+00 2.307056406991808001e-02
2.457040028622685000e+06 1.021646531004857694e+00 2.295721453251177782e-02
2.457040028969907202e+06 9.823562217804501229e-01 2.266347419014712317e-02
2.457040029317129403e+06 9.857337167945243728e-01 2.307517664988494380e-02
2.457040029664352071e+06 1.018046944229776596e+00 2.385994727419853134e-02
2.457040030011574272e+06 1.002642511146033089e+00 2.262050690266367500e-02
2.457040030358796474e+06 1.066806730029139505e+00 2.459524216877555583e-02
2.457040030706018675e+06 1.014126958368773757e+00 2.384329750951542232e-02
2.457040031053240877e+06 1.003568780562927643e+00 2.369109151550254436e-02
2.457040031400463078e+06 9.631113996530866750e-01 2.437584291377292364e-02
2.457040031747685280e+06 1.073814995321268562e+00 2.520938520051370715e-02
2.457040032094907481e+06 1.049233279750283909e+00 2.424295020206101645e-02
2.457040032442129683e+06 9.866548871441565005e-01 2.355525269962513435e-02
2.457040032789351884e+06 9.908793354416434163e-01 2.385397636335666316e-02
2.457040033136574086e+06 1.020022264730879868e+00 2.419450542386395939e-02
2.457040033483796287e+06 1.006936663513860131e+00 2.533595520016158203e-02
2.457040033831018489e+06 9.670447657867602409e-01 2.440611662880145041e-02
2.457040034178240690e+06 1.049433992769448043e+00 2.576909117192847237e-02
2.457040034525462892e+06 1.047409938504961779e+00 2.732624910312421440e-02
2.457040034872685093e+06 1.037933005573492107e+00 2.687296106178921687e-02
2.457040035219907295e+06 9.561130697046352767e-01 2.623200120657173673e-02
2.457040035567129496e+06 9.217171033209510256e-01 2.589338701176705990e-02
2.457040035914351698e+06 9.930904161665391472e-01 2.605534769253766564e-02
2.457040036261573900e+06 1.040428058993063676e+00 2.706597454530211555e-02
2.457040036608796101e+06 1.003469742445672663e+00 2.810383709263405277e-02
2.457040036956018303e+06 9.443077635321144303e-01 2.696692422298038738e-02
2.457040037303240970e+06 9.769606763438987151e-01 2.859591570996027066e-02
2.457040037650463171e+06 1.081604816281727333e+00 2.997239551836583527e-02
2.457040037997685373e+06 1.003815828161896073e+00 3.044593466223896941e-02
2.457040038344907574e+06 1.051460123185935069e+00 2.996683573014885874e-02
2.457040038692129776e+06 1.024691592214926228e+00 3.082271362633204337e-02
2.457040039039351977e+06 1.019661800701100685e+00 3.416927297827347665e-02
2.457040039386574179e+06 9.752393860973928019e-01 3.394730328633688982e-02
2.457040039733796380e+06 1.006183453991250198e+00 3.283928165602814642e-02
2.457040040081018582e+06 9.911859373060020184e-01 3.150474413763425935e-02
2.457040040428240784e+06 9.789544202932768391e-01 3.483446058660653877e-02
2.457040040775462985e+06 1.081692699907356836e+00 3.710060284051462653e-02
2.457040041122685187e+06 9.288649235578094743e-01 3.440064885434548914e-02
2.457040041469907388e+06 9.256418497509637522e-01 3.683418421988508135e-02
2.457040041817129590e+06 9.961085848831141565e-01 3.956100431868689316e-02
2.457040042164351791e+06 9.631035732704154029e-01 3.756578734284820448e-02
2.457040042511573993e+06 9.764377831366087834e-01 4.198400094441570585e-02
