# JD Flux Error
2.457137826134259347e+06 1.015812951250451457e+00 1.140631008190110506e-02
2.457137826365740970e+06 1.040169601023855916e+00 1.130198874845014974e-02
2.457137826597222127e+06 9.942249579713464680e-01 1.124399398773612800e-02
2.457137826828703750e+06 9.893959885531680154e-01 1.107426575400936516e-02
2.457137827060185373e+06 1.026748166428044673e+00 1.123143242673837333e-02
2.457137827291666530e+06 1.008604062058300110e+00 1.120274564593670176e-02
2.457137827523148153e+06 9.876729413321471140e-01 1.103020886973129534e-02
2.457137827754629776e+06 1.009708068298585504e+00 1.139499239754046371e-02
2.457137827986110933e+06 9.956067835782695941e-01 1.113503587137172797e-02
2.457137828217592556e+06 1.004109043490001074e+00 1.117012428359928818e-02
2.457137828449074179e+06 1.029162336185327264e+00 1.185032126546688679e-02
2.457137828680555336e+06 9.784819884757411934e-01 1.119973279825474573e-02
2.457137828912036959e+06 9.936870593049237366e-01 1.127582449881527060e-02
2.457137829143518582e+06 9.912324078042302755e-01 1.168965859210287575e-02
2.457137829375000205e+06 1.006467683688828441e+00 1.148239184690200490e-02
2.457137829606481362e+06 9.998947084730368529e-01 1.122712415936513372e-02
2.457137829837962985e+06 9.944931886724406311e-01 1.122234156082092121e-02
2.457137830069444608e+06 1.002428700746794021e+00 1.159349817629233212e-02
2.457137830300925765e+06 9.731544531476254978e-01 1.106780313921265982e-02
2.457137830532407388e+06 1.017359385055665921e+00 1.176826253177375679e-02
2.457137830763889011e+06 1.045989595673350703e+00 1.195103479025190832e-02
2.457137830995370168e+06 9.398488450479712819e-01 1.109921877102492196e-02
2.457137831226851791e+06 9.912484426095437007e-01 1.159688930218380487e-02
2.457137831458333414e+06 9.662401761707901660e-01 1.129147445663723770e-02
2.457137831689815037e+06 1.038913516644030421e+00 1.163064576710270796e-02
2.457137831921296194e+06 1.011707355946210196e+00 1.100126444436851265e-02
2.457137832152777817e+06 1.028869078111349200e+00 1.184721072890987555e-02
2.457137832384259440e+06 1.048470316607676756e+00 1.186062711406465041e-02
2.457137832615740597e+06 9.632608246789134965e-01 1.121024030535872941e-02
2.457137832847222220e+06 9.437876215891974896e-01 1.100355250604358008e-02
2.457137833078703843e+06 1.025010317830112205e+00 1.145110047733635325e-02
2.457137833310185000e+06 1.005044130587751994e+00 1.105329424599910300e-02
2.457137833541666623e+06 9.991581432850359379e-01 1.116218661692150449e-02
2.457137833773148246e+06 9.814263717431135348e-01 1.147798773339959479e-02
2.457137834004629403e+06 1.025572072885042596e+00 1.157532571907648501e-02
2.457137834236111026e+06 9.826898147440370490e-01 1.130524133058954071e-02
2.457137834467592649e+06 1.025374106135774843e+00 1.193227401283880086e-02
2.457137834699074272e+06 1.036103761834537007e+00 1.133480140466467702e-02
2.457137834930555429e+06 1.026103767247109610e+00 1.108376123304928920e-02
2.457137835162037052e+06 1.008417448442903597e+00 1.103776605574464942e-02
2.457137835393518675e+06 1.012775733113673082e+00 1.138850171854992321e-02
2.457137835624999832e+06 1.042885135669804786e+00 1.114090534286920307e-02
2.457137835856481455e+06 9.855386476413878771e-01 1.095049786689526045e-02
2.457137836087963078e+06 9.888204636599489117e-01 1.077583961834531825e-02
2.457137836319444235e+06 1.007947785234887705e+00 1.117351045442834673e-02
2.457137836550925858e+06 1.022374679787784402e+00 1.104657114069656186e-02
2.457137836782407481e+06 9.580965985073544022e-01 1.075695024994947555e-02
2.457137837013889104e+06 9.878379016452224493e-01 1.092511918782499737e-02
2.457137837245370261e+06 1.004146405421792787e+00 1.114813758421959872e-02
2.457137837476851884e+06 1.035918542300888534e+00 1.102321366795568428e-02
2.457137837708333507e+06 9.706871650105703964e-01 1.091823148276341478e-02
2.457137837939814664e+06 1.004628237542761537e+00 1.129974830426395439e-02
2.457137838171296287e+06 1.023635039022598114e+00 1.123268293904336294e-02
2.457137838402777910e+06 9.804039000828661532e-01 1.099271382003678271e-02
2.457137838634259067e+06 9.948194844675349868e-01 1.079105995454189039e-02
2.457137838865740690e+06 1.012596365174677215e+00 1.075524546086046793e-02
2.457137839097222313e+06 1.019366242011660484e+00 1.086672151628147523e-02
2.457137839328703936e+06 1.034042849374712247e+00 1.093260734209253009e-02
2.457137839560185093e+06 1.002436403611448812e+00 1.091825626968643236e-02
2.457137839791666716e+06 1.011698404490697367e+00 1.084431306748015640e-02
2.457137840023148339e+06 1.023922709972589828e+00 1.088517723837146775e-02
2.457137840254629496e+06 9.964540433521565932e-01 1.083783636414337691e-02
2.457137840486111119e+06 1.023267266587936541e+00 1.102638089078312837e-02
2.457137840717592742e+06 9.904933170836618395e-01 1.102035158173820389e-02
2.457137840949073900e+06 9.798467862937637607e-01 1.074269245481064908e-02
2.457137841180555522e+06 1.035093878084423880e+00 1.110830017205427685e-02
2.457137841412037145e+06 9.950660562777653428e-01 1.079668238469543885e-02
2.457137841643518303e+06 9.797370791412239877e-01 1.069627690996050387e-02
2.457137841874999925e+06 9.987311327794091698e-01 1.054608140582977312e-02
2.457137842106481548e+06 1.017079574942078679e+00 1.074269603424217109e-02
2.457137842337963171e+06 1.005782659438428706e+00 1.057967486881191896e-02
2.457137842569444329e+06 1.018519813652799311e+00 1.070244738477869363e-02
2.457137842800925951e+06 1.010307318138520927e+00 1.067390639478274852e-02
2.457137843032407574e+06 9.787597440566364604e-01 1.069367772607461228e-02
2.457137843263888732e+06 1.011940024362895096e+00 1.086302154069606826e-02
2.457137843495370355e+06 9.606184181900988550e-01 1.054149747062305999e-02
2.457137843726851977e+06 9.962125738654928897e-01 1.087621138354071156e-02
2.457137843958333135e+06 9.878282119524056659e-01 1.066594463395863224e-02
2.457137844189814758e+06 9.783321515893690368e-01 1.059672920515948233e-02
2.457137844421296380e+06 1.006538616069388770e+00 1.104337472955892879e-02
2.457137844652778003e+06 9.805502274567087229e-01 1.085882477828931103e-02
2.457137844884259161e+06 1.012948266625109506e+00 1.085140825788014941e-02
2.457137845115740784e+06 1.019845949363838988e+00 1.082922408337410464e-02
2.457137845347222406e+06 9.929166517234225831e-01 1.066044821433869555e-02
2.457137845578703564e+06 1.024382482090811175e+00 1.082217982686469078e-02
2.457137845810185187e+06 9.931365163314335165e-01 1.082782752031501670e-02
2.457137846041666809e+06 1.018632366531245781e+00 1.094527952092708492e-02
2.457137846273147967e+06 9.941757043000112315e-01 1.062062602925201334e-02
2.457137846504629590e+06 1.012419476062365487e+00 1.073265377309367413e-02
2.457137846736111213e+06 9.918242141950598389e-01 1.060465952700002414e-02
2.457137846967592370e+06 1.025017666682844553e+00 1.069019784622478146e-02
2.457137847199073993e+06 1.004153347893058656e+00 1.062500438534286218e-02
2.457137847430555616e+06 1.033537665370518166e+00 1.040041665430201968e-02
2.457137847662037238e+06 9.591537862158305838e-01 1.021483481380123376e-02
2.457137847893518396e+06 1.015241891227769866e+00 1.050608885504681136e-02
2.457137848125000019e+06 1.021567044456245910e+00 1.055697888682621474e-02
2.457137848356481642e+06 1.014041044276254633e+00 1.069004572392190898e-02
2.457137848587962799e+06 1.020439628836341095e+00 1.051198320807480990e-02
2.457137848819444422e+06 9.880407570479357027e-01 1.031817577533954838e-02
2.457137849050926045e+06 1.008138409552115533e+00 1.053584716675446710e-02
2.457137849282407202e+06 1.039532615928250303e+00 1.085318123549713562e-02
2.457137849513888825e+06 9.872263776071313890e-01 1.051666731085512500e-02
2.457137849745370448e+06 9.921761237732077410e-01 1.061169157400941067e-02
2.457137849976852071e+06 1.001546064561417371e+00 1.052289703844825827e-02
2.457137850208333228e+06 9.927303362247883456e-01 1.054309625553800055e-02
2.457137850439814851e+06 9.598799709973675487e-01 1.021380688585346759e-02
2.457137850671296474e+06 9.925019131339432032e-01 1.051117352044308832e-02
2.457137850902777631e+06 9.927147784344502179e-01 1.043871239071771442e-02
2.457137851134259254e+06 9.865460390063783835e-01 1.057492905872735138e-02
2.457137851365740877e+06 1.001984552988728350e+00 1.047694379427967747e-02
2.457137851597222034e+06 9.888624280010755996e-01 1.057786679678403979e-02
2.457137851828703657e+06 1.013817551345231660e+00 1.061553491859337089e-02
2.457137852060185280e+06 9.726398894991979960e-01 1.056379630764025905e-02
2.457137852291666437e+06 9.993128947096309167e-01 1.071468504511381703e-02
2.457137852523148060e+06 1.028126452173865557e+00 1.073827250327252791e-02
2.457137852754629683e+06 1.003755593373940602e+00 1.079890041151186988e-02
2.457137852986111306e+06 1.007182689982697887e+00 1.055681961971797339e-02
2.457137853217592463e+06 1.006047072126424746e+00 1.060256483276403490e-02
2.457137853449074086e+06 1.006531549327417174e+00 1.053340290213033818e-02
2.457137853680555709e+06 1.018132502591956312e+00 1.064083083712944779e-02
2.457137853912036866e+06 1.010186090384230795e+00 1.063762198408078723e-02
2.457137854143518489e+06 9.773104790109006235e-01 1.031532484898123672e-02
2.457137854375000112e+06 1.028260638941874028e+00 1.055943165201703171e-02
2.457137854606481269e+06 9.853703268749105515e-01 1.047060500376547319e-02
2.457137854837962892e+06 9.969275426448116484e-01 1.044794848841614984e-02
2.457137855069444515e+06 9.753182070033561413e-01 1.046941914154495695e-02
2.457137855300926138e+06 1.013307463318000590e+00 1.077613593145730631e-02
2.457137855532407295e+06 9.903928627325404577e-01 1.074715566787587569e-02
2.457137855763888918e+06 1.003999356223675310e+00 1.068420247301249230e-02
2.457137855995370541e+06 1.001205442065428164e+00 1.060579333843250302e-02
2.457137856226851698e+06 9.964388327273112633e-01 1.050543040025062221e-02
2.457137856458333321e+06 9.955395258863221075e-01 1.069482562951230842e-02
2.457137856689814944e+06 9.689970620069014995e-01 1.048848050367010877e-02
2.457137856921296101e+06 1.034924830033852716e+00 1.074450024634740139e-02
2.457137857152777724e+06 9.878106507577459894e-01 1.060811337830216625e-02
2.457137857384259347e+06 1.005931015453808364e+00 1.066642337555576484e-02
2.457137857615740970e+06 9.948251543992335799e-01 1.057383922887978125e-02
2.457137857847222127e+06 9.902202385785849881e-01 1.075504397427925335e-02
2.457137858078703750e+06 1.011407949776350845e+00 1.091332686638190295e-02
2.457137858310185373e+06 1.004056747323301524e+00 1.084011237694371826e-02
2.457137858541666530e+06 1.014105759024232833e+00 1.064222554158669384e-02
2.457137858773148153e+06 9.823636909057283928e-01 1.057591724310119954e-02
2.457137859004629776e+06 9.974675078797886618e-01 1.068873894433976929e-02
2.457137859236110933e+06 9.872167906478569455e-01 1.040938564313370444e-02
2.457137859467592556e+06 1.006561667716201258e+00 1.043985861644525920e-02
2.457137859699074179e+06 1.013691094161999651e+00 1.056509431102989685e-02
2.457137859930555336e+06 9.556251065371320630e-01 1.027916506486946206e-02
2.457137860162036959e+06 9.720680315309855324e-01 1.020761758778967153e-02
2.457137860393518582e+06 1.025667083866210527e+00 1.069992055401093947e-02
2.457137860625000205e+06 9.912504855794996850e-01 1.035549837544503041e-02
2.457137860856481362e+06 9.667735875363659970e-01 1.039931452859147593e-02
2.457137861087962985e+06 1.024890428052011471e+00 1.060493887176151319e-02
2.457137861319444608e+06 1.028213857467874526e+00 1.064635811116787685e-02
2.457137861550925765e+06 9.878453375264895087e-01 1.045989880515787313e-02
2.457137861782407388e+06 9.856999399657874195e-01 1.043454402557020440e-02
2.457137862013889011e+06 1.002455242087771925e+00 1.055908050555581790e-02
2.457137862245370168e+06 1.016634152242158917e+00 1.064963655600104780e-02
2.457137862476851791e+06 1.019955455070049588e+00 1.081136175305828957e-02
2.457137862708333414e+06 9.842942489698617292e-01 1.072481717587493895e-02
2.457137862939815037e+06 9.732656866843893972e-01 1.072118302105070503e-02
2.457137863171296194e+06 9.861176925291793571e-01 1.067923947550437035e-02
2.457137863402777817e+06 9.803704004285087592e-01 1.071084722342659223e-02
2.457137863634259440e+06 1.030120108576050075e+00 1.081064993465414258e-02
2.457137863865740597e+06 9.792531764414537099e-01 1.049072661877262051e-02
2.457137864097222220e+06 1.024167197852199562e+00 1.088110021672069987e-02
2.457137864328703843e+06 9.561933535725426481e-01 1.058755924059733705e-02
2.457137864560185000e+06 1.031726387658532085e+00 1.085211276934693915e-02
2.457137864791666623e+06 1.022825919921115823e+00 1.091760326745546024e-02
2.457137865023148246e+06 9.844947016168411613e-01 1.058144950459674778e-02
2.457137865254629403e+06 1.015086866630150242e+00 1.047705390240916482e-02
2.457137865486111026e+06 1.006528142682983074e+00 1.058802379450642442e-02
2.457137865717592649e+06 1.018521137508809016e+00 1.065058230833700742e-02
2.457137865949074272e+06 9.891266271042274960e-01 1.048708184973298069e-02
2.457137866180555429e+06 1.001088119680573874e+00 1.066079050799479365e-02
2.457137866412037052e+06 9.926008916996114095e-01 1.053651130083634556e-02
2.457137866643518675e+06 1.021289936510564100e+00 1.080488948192495115e-02
2.457137866874999832e+06 9.992800408400239753e-01 1.067993424983319090e-02
2.457137867106481455e+06 9.935454545573750851e-01 1.055005415900145405e-02
2.457137867337963078e+06 9.922247527980598836e-01 1.053009088580576097e-02
2.457137867569444235e+06 1.014979461293761265e+00 1.059265168372257662e-02
2.457137867800925858e+06 1.006514023970283889e+00 1.047818755850058077e-02
2.457137868032407481e+06 9.794390069969479695e-01 1.063496663246289199e-02
2.457137868263889104e+06 9.950860107042507341e-01 1.062362484059436313e-02
2.457137868495370261e+06 9.605083192792921443e-01 1.043704461781399043e-02
2.457137868726851884e+06 9.939061360472580819e-01 1.063046999535908164e-02
2.457137868958333507e+06 9.934444852977085683e-01 1.051036751878072460e-02
2.457137869189814664e+06 9.761636092225653982e-01 1.032755328668507992e-02
2.457137869421296287e+06 9.942826282471380894e-01 1.045773948628783007e-02
2.457137869652777910e+06 1.006728052687485775e+00 1.050917051951659985e-02
2.457137869884259067e+06 9.495134769011102094e-01 1.026508335726993536e-02
2.457137870115740690e+06 9.904874667392522536e-01 1.064461752308767419e-02
2.457137870347222313e+06 9.803429265372165524e-01 1.074997389629621901e-02
2.457137870578703936e+06 9.957803913563213483e-01 1.060348054420993773e-02
2.457137870810185093e+06 1.014799066043888809e+00 1.057347974824437292e-02
2.457137871041666716e+06 1.009257260243377363e+00 1.051391104250087513e-02
2.457137871273148339e+06 9.841177674598883263e-01 1.045870432061822390e-02
2.457137871504629496e+06 9.779963271705345296e-01 1.034589348475397665e-02
2.457137871736111119e+06 9.768491891667298033e-01 1.025829841268974252e-02
2.457137871967592742e+06 1.009886871216465254e+00 1.054796815135158362e-02
2.457137872199073900e+06 1.009888702786644776e+00 1.068569880695843452e-02
2.457137872430555522e+06 1.018058426691172969e+00 1.062945491263031159e-02
2.457137872662037145e+06 9.856788041517153820e-01 1.048326044023993077e-02
2.457137872893518303e+06 1.030645836180719366e+00 1.085253167656891754e-02
2.457137873124999925e+06 1.038570297835907708e+00 1.091328255869216009e-02
2.457137873356481548e+06 9.962869780135289455e-01 1.059751096822344509e-02
2.457137873587963171e+06 1.008167484354593579e+00 1.072140658488702700e-02
2.457137873819444329e+06 9.965018278749544489e-01 1.074983972179069380e-02
2.457137874050925951e+06 9.850984804125457739e-01 1.057346363806699503e-02
2.457137874282407574e+06 1.011208339473659290e+00 1.059485833010360978e-02
2.457137874513888732e+06 9.886852214069858924e-01 1.041097849278612569e-02
2.457137874745370355e+06 1.026219881370928899e+00 1.080642386268929230e-02
2.457137874976851977e+06 1.017612430610936647e+00 1.058235040752464155e-02
2.457137875208333135e+06 1.022243991107117500e+00 1.062169860142893676e-02
2.457137875439814758e+06 9.602646424286437332e-01 1.021922731347643665e-02
2.457137875671296380e+06 9.929038829236072061e-01 1.047824022310854357e-02
2.457137875902778003e+06 1.000095595710425611e+00 1.061407973047110570e-02
2.457137876134259161e+06 1.002526846093212409e+00 1.054499981067540289e-02
2.457137876365740784e+06 9.983758512806589769e-01 1.051335917867296695e-02
2.457137876597222406e+06 1.009114814839356500e+00 1.061091400942912669e-02
2.457137876828703564e+06 9.729846096616546758e-01 1.036063014150444272e-02
2.457137877060185187e+06 1.009396136868599747e+00 1.077124939740926358e-02
2.457137877291666809e+06 9.913119086313935124e-01 1.062442371454507851e-02
2.457137877523147967e+06 9.766397679241750618e-01 1.048369832835261382e-02
2.457137877754629590e+06 1.005112433316604603e+00 1.057369145834649929e-02
2.457137877986111213e+06 9.897556447586247641e-01 1.048371030098198091e-02
2.457137878217592370e+06 9.936524735833702771e-01 1.068034736801935433e-02
2.457137878449073993e+06 9.965506685467592218e-01 1.068591743590178479e-02
2.457137878680555616e+06 1.018591362522986765e+00 1.065386039406378445e-02
2.457137878912037238e+06 9.833773467594629780e-01 1.053706166986424254e-02
2.457137879143518396e+06 9.802338792006237700e-01 1.045874229562809496e-02
2.457137879375000019e+06 9.829214409577023970e-01 1.046618620360862360e-02
2.457137879606481642e+06 1.013493944673967473e+00 1.052557369119993917e-02
2.457137879837962799e+06 1.006526613654297408e+00 1.051668536098820765e-02
2.457137880069444422e+06 1.003418964061050023e+00 1.065533177050454611e-02
2.457137880300926045e+06 9.882306562133973404e-01 1.039831703036144493e-02
2.457137880532407202e+06 1.030161752050154256e+00 1.074096577381422266e-02
2.457137880763888825e+06 9.990511232099593686e-01 1.042398624592696769e-02
2.457137880995370448e+06 1.009032779839765581e+00 1.061415830077971391e-02
2.457137881226852071e+06 1.002343408717648821e+00 1.054251740883614674e-02
2.457137881458333228e+06 1.010560305282295790e+00 1.061786296573869783e-02
2.457137881689814851e+06 1.005386100014990625e+00 1.052884382887410084e-02
2.457137881921296474e+06 9.911362856979523128e-01 1.051960377723276142e-02
2.457137882152777631e+06 9.982511246608900546e-01 1.046506448409966622e-02
2.457137882384259254e+06 1.031604287974684953e+00 1.069807702568223093e-02
2.457137882615740877e+06 9.975207633973556254e-01 1.033032577445931396e-02
2.457137882847222034e+06 1.056327727360744984e+00 1.081618743851120099e-02
2.457137883078703657e+06 1.032087447309550043e+00 1.058224218519072425e-02
2.457137883310185280e+06 9.755388020809335758e-01 1.024158383138621883e-02
2.457137883541666437e+06 1.006218439079824556e+00 1.054532215649362642e-02
2.457137883773148060e+06 1.037352396003082600e+00 1.061417924813717016e-02
2.457137884004629683e+06 9.905994352708004103e-01 1.053177116017026821e-02
2.457137884236111306e+06 1.000906771659791916e+00 1.048795047040826378e-02
2.457137884467592463e+06 9.945312778820646349e-01 1.062639186241867706e-02
2.457137884699074086e+06 9.845504348035446496e-01 1.044237285294532559e-02
2.457137884930555709e+06 9.788261620479953296e-01 1.042652320955833427e-02
2.457137885162036866e+06 9.797537762988834942e-01 1.031737696251890796e-02
2.457137885393518489e+06 1.019301640200800829e+00 1.057535559831734515e-02
2.457137885625000112e+06 9.830787679872542428e-01 1.032904229774998621e-02
2.457137885856481269e+06 1.007109609073463252e+00 1.064786314314452968e-02
2.457137886087962892e+06 9.895844097742002576e-01 1.053149628948404221e-02
2.457137886319444515e+06 9.922464986585780577e-01 1.057481165210609995e-02
2.457137886550926138e+06 9.772125586150588461e-01 1.055973540973476933e-02
2.457137886782407295e+06 9.912696535398175524e-01 1.045285623353962509e-02
2.457137887013888918e+06 1.034233311341091088e+00 1.091594810562635486e-02
2.457137887245370541e+06 1.014280826250980372e+00 1.073885984866860058e-02
2.457137887476851698e+06 9.962566087421801386e-01 1.070287305145668430e-02
2.457137887708333321e+06 1.041156052047612413e+00 1.116030942158355473e-02
2.457137887939814944e+06 9.591700727415406469e-01 1.047412657312406063e-02
2.457137888171296101e+06 1.009182190932796708e+00 1.092002146709764032e-02
2.457137888402777724e+06 1.026972869671546329e+00 1.098974349961936818e-02
2.457137888634259347e+06 1.005815427083053937e+00 1.085670238299562759e-02
2.457137888865740970e+06 9.991073655944726628e-01 1.096705198642525594e-02
2.457137889097222127e+06 9.879735117288256374e-01 1.061145801180195768e-02
2.457137889328703750e+06 9.672045243988601770e-01 1.048269669363234742e-02
2.457137889560185373e+06 1.016559466050223515e+00 1.081965442377746250e-02
2.457137889791666530e+06 9.994548486558715306e-01 1.059015229138495634e-02
2.457137890023148153e+06 9.708110222443178117e-01 1.073200586995030209e-02
2.457137890254629776e+06 1.011103924501476348e+00 1.078475657255058978e-02
2.457137890486110933e+06 9.930271857817284387e-01 1.067579048801190617e-02
2.457137890717592556e+06 9.975232643764911922e-01 1.065399376075591709e-02
2.457137890949074179e+06 1.006409723217775776e+00 1.066732771997234291e-02
2.457137891180555336e+06 9.817710540966467780e-01 1.074071892640758759e-02
2.457137891412036959e+06 9.856631734322380822e-01 1.069065954209330940e-02
2.457137891643518582e+06 9.808199090461771075e-01 1.071379972992849566e-02
2.457137891875000205e+06 1.001903817552645348e+00 1.079674470011227766e-02
2.457137892106481362e+06 1.027103452856640953e+00 1.090154082163357838e-02
2.457137892337962985e+06 9.959991581690987861e-01 1.089414220970010873e-02
2.457137892569444608e+06 9.933342667519057256e-01 1.080243425140562860e-02
2.457137892800925765e+06 9.903800083454696868e-01 1.073124606597296304e-02
2.457137893032407388e+06 9.868763297195025652e-01 1.085484663223217419e-02
2.457137893263889011e+06 9.762978408518445672e-01 1.082754639507008815e-02
2.457137893495370168e+06 1.012235876483926322e+00 1.110363344175319643e-02
2.457137893726851791e+06 9.961588207731524314e-01 1.081861031262878331e-02
2.457137893958333414e+06 9.861687714752125355e-01 1.102428655426227790e-02
2.457137894189815037e+06 1.013371532599352864e+00 1.095263205789031441e-02
2.457137894421296194e+06 1.033551499228743342e+00 1.104428115315317371e-02
2.457137894652777817e+06 1.041550825350158194e+00 1.113574503723070014e-02
2.457137894884259440e+06 1.015000823134337260e+00 1.088797141545022260e-02
2.457137895115740597e+06 9.910041808151690557e-01 1.090453079038874486e-02
2.457137895347222220e+06 9.934723804758307519e-01 1.088884258873418914e-02
2.457137895578703843e+06 1.014917178750657678e+00 1.092367387644727593e-02
2.457137895810185000e+06 9.519984928796922929e-01 1.067232520893657971e-02
2.457137896041666623e+06 1.003732077547408119e+00 1.086050127763952579e-02
2.457137896273148246e+06 1.000973716993596607e+00 1.086528254008869987e-02
2.457137896504629403e+06 9.812756411770009457e-01 1.079827480659243701e-02
2.457137896736111026e+06 1.038482008604807216e+00 1.100398384921651498e-02
2.457137896967592649e+06 9.998472250693875019e-01 1.079889161360695661e-02
2.457137897199074272e+06 1.013192848354999898e+00 1.092871248659860704e-02
2.457137897430555429e+06 1.003605605644728005e+00 1.099405674168868821e-02
2.457137897662037052e+06 9.871609322007023346e-01 1.076469943767510880e-02
2.457137897893518675e+06 9.986908535501838324e-01 1.092701527720545303e-02
2.457137898124999832e+06 9.640232866475710871e-01 1.078553802578527572e-02
2.457137898356481455e+06 9.784974344536747637e-01 1.078465577086106658e-02
2.457137898587963078e+06 9.796119185136807905e-01 1.080178316085842090e-02
2.457137898819444235e+06 9.843507697801954226e-01 1.066279270383772675e-02
2.457137899050925858e+06 1.004040825210876786e+00 1.076537037215066078e-02
2.457137899282407481e+06 9.946857611404194000e-01 1.076612036632347558e-02
2.457137899513889104e+06 9.958330032641696805e-01 1.094848412495901153e-02
2.457137899745370261e+06 1.016535189945135587e+00 1.098670290952021358e-02
2.457137899976851884e+06 9.872830373896763767e-01 1.079967629245901298e-02
2.457137900208333507e+06 1.017594835151898858e+00 1.100536856301245585e-02
2.457137900439814664e+06 9.844329078976939984e-01 1.069127112278454514e-02
2.457137900671296287e+06 9.953274876260602699e-01 1.086207603017773533e-02
2.457137900902777910e+06 1.019994238273366216e+00 1.106305395324896218e-02
2.457137901134259067e+06 1.011750365182983336e+00 1.108771160116438399e-02
2.457137901365740690e+06 1.002123661118574649e+00 1.105335628912718256e-02
2.457137901597222313e+06 1.016974211541008311e+00 1.129279147144428806e-02
2.457137901828703936e+06 9.749302726190518520e-01 1.113040441699932742e-02
2.457137902060185093e+06 9.629750421986602582e-01 1.105332557444053607e-02
2.457137902291666716e+06 9.274079467482176931e-01 1.074009981778244367e-02
2.457137902523148339e+06 9.745845016590627408e-01 1.083211482539483787e-02
2.457137902754629496e+06 9.832817724195888065e-01 1.094433484490635496e-02
2.457137902986111119e+06 9.999413075974218357e-01 1.104902450933169245e-02
2.457137903217592742e+06 1.029592750496219011e+00 1.099791738274257490e-02
2.457137903449073900e+06 1.007546089273201106e+00 1.097485496897063553e-02
2.457137903680555522e+06 1.008066362597053178e+00 1.106797390214355435e-02
2.457137903912037145e+06 9.770242857104437517e-01 1.090870804557554814e-02
2.457137904143518303e+06 9.776304730202566295e-01 1.093888415091275046e-02
2.457137904374999925e+06 9.999497307201457019e-01 1.114377320620463414e-02
2.457137904606481548e+06 1.008010913137371123e+00 1.119591677943660747e-02
2.457137904837963171e+06 1.041905531070221214e+00 1.136973061616172558e-02
2.457137905069444329e+06 9.833906909270109242e-01 1.085413615029832100e-02
2.457137905300925951e+06 9.837230547682633830e-01 1.105803957175915779e-02
2.457137905532407574e+06 9.944521888264191700e-01 1.107425676493931262e-02
2.457137905763888732e+06 1.024654097602722524e+00 1.138994760011185700e-02
2.457137905995370355e+06 9.745334979723334623e-01 1.100157475837959878e-02
2.457137906226851977e+06 1.011573335090797610e+00 1.093763020864962736e-02
2.457137906458333135e+06 9.788740653947358705e-01 1.080544898376226137e-02
2.457137906689814758e+06 9.917236057062588372e-01 1.099359841209911377e-02
2.457137906921296380e+06 1.000337344712243670e+00 1.108235062379745763e-02
2.457137907152778003e+06 9.987314274315055584e-01 1.082807822020041139e-02
2.457137907384259161e+06 9.948163301647098278e-01 1.092138468219593442e-02
2.457137907615740784e+06 1.013988353115759633e+00 1.115888938486259661e-02
2.457137907847222406e+06 1.003721833997031077e+00 1.105530166947590355e-02
2.457137908078703564e+06 1.031864392365965832e+00 1.116079743453885290e-02
2.457137908310185187e+06 9.557333637947776905e-01 1.080758643917742630e-02
2.457137908541666809e+06 9.835064981900685233e-01 1.083682943292672840e-02
2.457137908773147967e+06 1.030861499047612373e+00 1.110382799200952328e-02
2.457137909004629590e+06 9.795728695502935457e-01 1.100721148084875256e-02
2.457137909236111213e+06 9.888990349672762692e-01 1.090990978033413127e-02
2.457137909467592370e+06 1.022977978120919396e+00 1.147977699563225082e-02
2.457137909699073993e+06 9.678886632999941231e-01 1.093080917670836809e-02
2.457137909930555616e+06 1.024449497307839518e+00 1.098178576728823033e-02
2.457137910162037238e+06 9.823475222327451295e-01 1.093803207215061392e-02
2.457137910393518396e+06 9.930306663723302840e-01 1.102527292965143832e-02
2.457137910625000019e+06 9.992603925707441714e-01 1.095946797660012767e-02
2.457137910856481642e+06 1.022011987570276448e+00 1.092552960431388866e-02
2.457137911087962799e+06 9.678266866890024023e-01 1.079667157128537912e-02
2.457137911319444422e+06 9.692284008565609232e-01 1.081790200019854160e-02
2.457137911550926045e+06 9.883351038443780601e-01 1.076842296319875658e-02
2.457137911782407202e+06 9.912852967591221365e-01 1.078986402714652432e-02
2.457137912013888825e+06 9.845625031451646914e-01 1.069721398971313492e-02
2.457137912245370448e+06 1.028720843897602766e+00 1.099420152013906062e-02
2.457137912476852071e+06 9.755732778899018909e-01 1.064613472963153555e-02
2.457137912708333228e+06 1.002274665003509035e+00 1.101766657634851813e-02
2.457137912939814851e+06 9.987285089537666360e-01 1.090723973894125454e-02
2.457137913171296474e+06 9.948161487253944779e-01 1.089313132323876075e-02
2.457137913402777631e+06 9.966540395566945154e-01 1.113375441598896641e-02
2.457137913634259254e+06 1.022275173046365282e+00 1.110352669522081392e-02
2.457137913865740877e+06 9.885428213014668675e-01 1.094732905203935416e-02
2.457137914097222034e+06 1.036676440568728985e+00 1.110253501107924708e-02
2.457137914328703657e+06 1.002612519163402771e+00 1.179767944664050598e-02
2.457137914560185280e+06 9.821940827797908113e-01 1.349575945305213527e-02
2.457137914791666437e+06 1.010447409503556715e+00 1.271864540991763520e-02
2.457137915023148060e+06 9.782527270805885244e-01 1.168296535613218452e-02
2.457137915254629683e+06 1.054511614319802781e+00 1.195187365989992638e-02
2.457137915486111306e+06 9.887473574652864139e-01 1.165790418022677986e-02
2.457137915717592463e+06 9.941440081821661945e-01 1.133820638856640473e-02
2.457137915949074086e+06 1.005934692761204285e+00 1.164796324515427611e-02
2.457137916180555709e+06 9.817198113112931557e-01 1.116208684181220490e-02
2.457137916412036866e+06 9.936777103509041309e-01 1.113730211380546502e-02
2.457137916643518489e+06 9.716282025663666166e-01 1.097871494150794505e-02
2.457137916875000112e+06 1.035849283472899396e+00 1.194398993959486580e-02
2.457137917106481269e+06 1.023121828414136569e+00 1.147248304528046894e-02
2.457137917337962892e+06 9.750085842253193302e-01 1.106305474075440498e-02
2.457137917569444515e+06 9.985508320948894845e-01 1.107247464754451509e-02
2.457137917800926138e+06 1.004853969438069816e+00 1.110526323986504166e-02
2.457137918032407295e+06 9.832768488418525132e-01 1.127170734602082371e-02
2.457137918263888918e+06 1.004030723499172328e+00 1.118424248048476011e-02
2.457137918495370541e+06 1.015471825424514973e+00 1.133891345732333800e-02
2.457137918726851698e+06 9.892296846398352939e-01 1.130622685294382576e-02
2.457137918958333321e+06 9.939985907113337849e-01 1.117479171287152559e-02
2.457137919189814944e+06 1.020480781013983540e+00 1.122982369466683783e-02
2.457137919421296101e+06 1.018905510014947335e+00 1.115008362081887881e-02
2.457137919652777724e+06 1.008241219235397335e+00 1.121974839200509839e-02
2.457137919884259347e+06 1.032618601455268070e+00 1.117509997482956166e-02
2.457137920115740970e+06 1.011420630012682897e+00 1.135305346438380755e-02
2.457137920347222127e+06 1.022852242872343664e+00 1.163351146250246951e-02
2.457137920578703750e+06 1.019016124923232569e+00 1.114842702264867008e-02
2.457137920810185373e+06 1.006353785628877784e+00 1.133299742949534991e-02
2.457137921041666530e+06 1.022226694161080474e+00 1.142078535197298302e-02
2.457137921273148153e+06 9.934642764701536732e-01 1.136766405842734758e-02
2.457137921504629776e+06 9.897013531543266129e-01 1.155010136499985858e-02
2.457137921736110933e+06 9.612894940887233286e-01 1.128010359443256012e-02
2.457137921967592556e+06 1.005555322679990038e+00 1.150770116556378529e-02
2.457137922199074179e+06 9.999737043354838262e-01 1.160260204514315836e-02
2.457137922430555336e+06 9.925002630357038225e-01 1.108294566356814517e-02
2.457137922662036959e+06 1.016663610020356101e+00 1.119514096633920583e-02
2.457137922893518582e+06 9.943581223531214874e-01 1.145836630965067944e-02
2.457137923125000205e+06 9.760189926540395744e-01 1.124563296470433571e-02
2.457137923356481362e+06 1.039128237378891262e+00 1.163785696422120139e-02
2.457137923587962985e+06 9.463645224047017024e-01 1.118991497606699331e-02
2.457137923819444608e+06 9.976363364802509626e-01 1.141150836355073542e-02
2.457137924050925765e+06 9.996710324602724462e-01 1.133798372660458145e-02
2.457137924282407388e+06 1.013099170295377993e+00 1.157716910131102554e-02
2.457137924513889011e+06 1.001163710859966027e+00 1.106321360857139349e-02
2.457137924745370168e+06 1.039641463463796489e+00 1.162741548299086811e-02
2.457137924976851791e+06 1.010378679964967663e+00 1.103898776809424630e-02
2.457137925208333414e+06 9.984181185857085028e-01 1.104988442077018199e-02
2.457137925439815037e+06 1.020729590037503520e+00 1.134205863312544652e-02
2.457137925671296194e+06 1.009625069534555220e+00 1.126169980801255618e-02
2.457137925902777817e+06 1.000411895458223510e+00 1.122260695203760976e-02
2.457137926134259440e+06 9.829170525136262659e-01 1.098831830475168955e-02
2.457137926365740597e+06 9.911556373693249933e-01 1.124718857952529578e-02
2.457137926597222220e+06 1.013721509792098852e+00 1.121542703450570042e-02
2.457137926828703843e+06 1.008653220327095923e+00 1.119783057393319500e-02
2.457137927060185000e+06 9.730361568520583537e-01 1.098569319980137113e-02
2.457137927291666623e+06 1.013050906214402636e+00 1.127838350931934658e-02
2.457137927523148246e+06 1.003154606016290806e+00 1.120660820816885006e-02
2.457137927754629403e+06 1.008852041664324517e+00 1.105674138395580132e-02
2.457137927986111026e+06 9.997401112840036408e-01 1.128391640624103708e-02
2.457137928217592649e+06 1.020618148568211758e+00 1.122505619474760928e-02
2.457137928449074272e+06 9.978574199275686007e-01 1.101904164085747845e-02
2.457137928680555429e+06 1.040408498842166241e+00 1.139715565149937611e-02
2.457137928912037052e+06 1.025187157334452648e+00 1.120207901039068157e-02
2.457137929143518675e+06 9.894753549674720761e-01 1.118631942971372653e-02
2.457137929374999832e+06 1.007841448923178618e+00 1.121017660926267555e-02
2.457137929606481455e+06 9.929368880884745785e-01 1.134464016653212448e-02
2.457137929837963078e+06 9.563987130577088491e-01 1.101374120475316805e-02
2.457137930069444235e+06 1.021997587350471415e+00 1.136426924162489173e-02
2.457137930300925858e+06 1.009460087953677032e+00 1.112147129993583394e-02
2.457137930532407481e+06 1.020469032266331899e+00 1.121545027352695983e-02
2.457137930763889104e+06 1.023719213985359922e+00 1.137780294046268625e-02
2.457137930995370261e+06 9.880727946458298661e-01 1.117135368644860648e-02
2.457137931226851884e+06 1.057015637862642299e+00 1.131191646348807429e-02
2.457137931458333507e+06 1.019938322394843722e+00 1.128416523150617759e-02
2.457137931689814664e+06 9.958407520607749364e-01 1.099836967174996731e-02
2.457137931921296287e+06 9.870064015409777403e-01 1.129522106502899546e-02
2.457137932152777910e+06 9.652050713628592682e-01 1.050672098573452069e-02
2.457137932384259067e+06 9.827062335762203338e-01 1.117291084566961190e-02
2.457137932615740690e+06 9.685358542767686929e-01 1.151340322313134344e-02
2.457137932847222313e+06 9.982431613566783435e-01 1.114980153680344976e-02
2.457137933078703936e+06 1.041467896556255157e+00 1.128819683572238226e-02
2.457137933310185093e+06 1.000517100522311464e+00 1.143190490679579958e-02
2.457137933541666716e+06 9.881380085784289280e-01 1.140453276739841239e-02
2.457137933773148339e+06 9.786194139209186682e-01 1.139532636069925074e-02
2.457137934004629496e+06 9.763581370878423593e-01 1.115626946732624185e-02
2.457137934236111119e+06 9.876508524885562190e-01 1.150395573160668122e-02
2.457137934467592742e+06 1.013892697781164642e+00 1.169452622487303188e-02
2.457137934699073900e+06 1.034220903112253565e+00 1.178803794575911112e-02
2.457137934930555522e+06 9.798204964394539029e-01 1.160444585455510519e-02
2.457137935162037145e+06 1.012427808256057826e+00 1.158925082052863868e-02
2.457137935393518303e+06 9.670225367948680484e-01 1.150588849943185409e-02
2.457137935624999925e+06 1.009257613984324342e+00 1.144275240368446654e-02
2.457137935856481548e+06 9.918944920758342443e-01 1.114249937419676054e-02
2.457137936087963171e+06 9.894935521102515841e-01 1.128107557694401838e-02
2.457137936319444329e+06 9.877322633683714992e-01 1.139395445592343223e-02
2.457137936550925951e+06 9.817819572817974016e-01 1.155803553367428134e-02
2.457137936782407574e+06 9.794465068579363276e-01 1.150242808052510946e-02
2.457137937013888732e+06 9.664778353154416246e-01 1.178123865887520730e-02
2.457137937245370355e+06 1.006318977734095954e+00 1.215283951596866918e-02
2.457137937476851977e+06 9.955674427541971738e-01 1.139664575276164854e-02
2.457137937708333135e+06 1.040510594927602783e+00 1.164350352365597918e-02
2.457137937939814758e+06 1.022159444204073786e+00 1.160336919843688377e-02
2.457137938171296380e+06 1.009979236384982659e+00 1.160113823351643925e-02
2.457137938402778003e+06 9.901264711198307644e-01 1.165848943973965372e-02
2.457137938634259161e+06 1.006465816033609517e+00 1.143993164268252566e-02
2.457137938865740784e+06 9.941714319930817778e-01 1.147267839204553323e-02
2.457137939097222406e+06 1.005773894340131758e+00 1.143582484601331911e-02
2.457137939328703564e+06 9.946795095054782321e-01 1.122918766999459611e-02
2.457137939560185187e+06 1.025293484603946093e+00 1.157385202284231564e-02
2.457137939791666809e+06 9.988589726110634892e-01 1.135358784764809240e-02
2.457137940023147967e+06 1.021122410163676442e+00 1.170019636625602329e-02
2.457137940254629590e+06 9.831927662230037779e-01 1.159823341459751724e-02
2.457137940486111213e+06 1.012100014107501611e+00 1.162588550069141094e-02
2.457137940717592370e+06 1.004033975661968947e+00 1.150775023577781803e-02
2.457137940949073993e+06 9.981195038797053831e-01 1.156578888530086606e-02
2.457137941180555616e+06 9.915004558650163391e-01 1.145884816489393769e-02
2.457137941412037238e+06 9.769473543242157554e-01 1.137379077502460693e-02
2.457137941643518396e+06 9.772182629455734570e-01 1.148406453716871792e-02
2.457137941875000019e+06 9.953835036602594055e-01 1.143032303889193572e-02
2.457137942106481642e+06 1.029735904576097205e+00 1.169380114567514922e-02
2.457137942337962799e+06 1.016050231437863882e+00 1.168267178576674545e-02
2.457137942569444422e+06 9.962356654793983468e-01 1.156669488685424345e-02
2.457137942800926045e+06 1.023689645904058532e+00 1.157360675388710222e-02
2.457137943032407202e+06 9.616624442607767387e-01 1.111852534313820424e-02
2.457137943263888825e+06 9.511476491211138251e-01 1.140240758608770770e-02
2.457137943495370448e+06 1.011342625050668298e+00 1.172095157570538296e-02
2.457137943726852071e+06 1.004732951391098750e+00 1.161738741775564243e-02
2.457137943958333228e+06 9.750281431574696622e-01 1.126945643224138392e-02
2.457137944189814851e+06 9.984938257639037751e-01 1.146033336189099597e-02
2.457137944421296474e+06 9.674722413777095964e-01 1.154618902443617194e-02
2.457137944652777631e+06 9.841450877535540265e-01 1.163171592037377973e-02
2.457137944884259254e+06 1.005299910475099034e+00 1.169259343556208232e-02
2.457137945115740877e+06 9.812485942703231823e-01 1.141684658399448951e-02
2.457137945347222034e+06 9.906885467938916223e-01 1.145186440733566950e-02
2.457137945578703657e+06 1.005832675760597317e+00 1.196850401535036815e-02
2.457137945810185280e+06 9.974144326527598636e-01 1.167550073859266978e-02
2.457137946041666437e+06 1.014549084435421467e+00 1.177443843962655730e-02
2.457137946273148060e+06 9.745724423194239705e-01 1.125263070052791130e-02
2.457137946504629683e+06 1.019462243769793552e+00 1.147357051208885113e-02
2.457137946736111306e+06 1.018917541731334531e+00 1.145024526869601114e-02
2.457137946967592463e+06 9.917366974641038668e-01 1.158027740894665598e-02
2.457137947199074086e+06 9.929801544519705203e-01 1.127903833037771295e-02
2.457137947430555709e+06 9.910885524020773829e-01 1.156780780232906369e-02
2.457137947662036866e+06 1.003578547850155545e+00 1.188532344391196940e-02
2.457137947893518489e+06 1.032326919143527366e+00 1.169291849903583529e-02
2.457137948125000112e+06 1.102547493143626101e+00 1.248199551149092867e-02
2.457137948356481269e+06 1.010021034948647145e+00 1.157597825148431493e-02
2.457137948587962892e+06 9.782957081347753991e-01 1.158252420297869317e-02
2.457137948819444515e+06 9.915331883633679011e-01 1.162833439399882027e-02
2.457137949050926138e+06 9.954897956386237201e-01 1.183418278726692738e-02
2.457137949282407295e+06 9.725267692032383282e-01 1.237764386695957772e-02
2.457137949513888918e+06 9.746690616957499609e-01 1.191948794470951319e-02
2.457137949745370541e+06 9.774046559394135025e-01 1.140765317703291808e-02
2.457137949976851698e+06 9.905307304158742499e-01 1.143613709669489761e-02
2.457137950208333321e+06 1.002251771626238019e+00 1.149803840604703142e-02
2.457137950439814944e+06 9.501376915631561948e-01 1.125513078192997077e-02
2.457137950671296101e+06 1.000162914044307128e+00 1.141165055341470703e-02
2.457137950902777724e+06 9.807843753113468788e-01 1.138097208642870756e-02
2.457137951134259347e+06 1.024602878928390082e+00 1.185085078491322774e-02
2.457137951365740970e+06 9.815910509187807387e-01 1.145595078278546959e-02
2.457137951597222127e+06 9.795781007137616125e-01 1.136917664990545231e-02
2.457137951828703750e+06 1.014910762771499719e+00 1.203279418146035139e-02
2.457137952060185373e+06 9.830580228894961747e-01 1.170809177926056092e-02
2.457137952291666530e+06 1.008237205679174853e+00 1.156762543396946778e-02
2.457137952523148153e+06 1.019993647886597410e+00 1.164537712026543319e-02
2.457137952754629776e+06 1.008412282406309535e+00 1.154363762680731334e-02
2.457137952986110933e+06 9.879509515618596360e-01 1.154116049954263465e-02
2.457137953217592556e+06 1.026079079077319989e+00 1.150127544787496285e-02
2.457137953449074179e+06 9.937233608572682009e-01 1.144132475475368414e-02
2.457137953680555336e+06 9.737171922257338297e-01 1.123594399369872918e-02
2.457137953912036959e+06 1.005789727533586309e+00 1.148927600710862758e-02
2.457137954143518582e+06 1.022288059856590658e+00 1.174972656570982474e-02
2.457137954375000205e+06 1.041532818042070874e+00 1.171853922546961871e-02
2.457137954606481362e+06 9.646686708426203127e-01 1.138159525954465442e-02
2.457137954837962985e+06 9.898078839065066470e-01 1.156525175083347907e-02
2.457137955069444608e+06 1.002957349372555207e+00 1.163712501834442657e-02
2.457137955300925765e+06 9.786750449612381386e-01 1.137031546046998569e-02
2.457137955532407388e+06 1.064595904746191701e+00 1.192628615475147674e-02
2.457137955763889011e+06 9.845672003187457832e-01 1.141609439398291043e-02
2.457137955995370168e+06 9.901756946431538031e-01 1.148761793991681657e-02
2.457137956226851791e+06 9.647438158641522543e-01 1.143882047846047495e-02
2.457137956458333414e+06 9.727076866942538924e-01 1.147651521907881722e-02
2.457137956689815037e+06 1.011212402715307768e+00 1.167279336640994307e-02
2.457137956921296194e+06 1.031142906192655584e+00 1.181911252079653751e-02
2.457137957152777817e+06 9.819975800373123009e-01 1.142305907343576198e-02
2.457137957384259440e+06 9.640699690685820000e-01 1.162918994162140743e-02
2.457137957615740597e+06 9.829487537988195189e-01 1.152579046613602491e-02
2.457137957847222220e+06 9.726281797622083891e-01 1.177452732768292237e-02
2.457137958078703843e+06 9.837946811234705713e-01 1.178749217946581211e-02
2.457137958310185000e+06 1.001532884959838388e+00 1.163458121483401143e-02
2.457137958541666623e+06 1.034461523433681585e+00 1.189620160309749416e-02
2.457137958773148246e+06 1.021103014667775755e+00 1.188764860221645271e-02
2.457137959004629403e+06 1.064484256494875769e+00 1.218799409147389504e-02
2.457137959236111026e+06 1.030959433247609747e+00 1.178025472093119190e-02
2.457137959467592649e+06 9.947991443153797464e-01 1.230910743547434551e-02
2.457137959699074272e+06 1.015909846134915417e+00 1.249930631627652229e-02
2.457137959930555429e+06 9.678253181524785198e-01 1.210048806413217479e-02
2.457137960162037052e+06 9.851313148005349518e-01 1.198402545764622705e-02
2.457137960393518675e+06 1.057963551381480016e+00 1.301218107206168241e-02
2.457137960624999832e+06 1.000219410569032741e+00 1.231235286462628239e-02
2.457137960856481455e+06 1.005537482984232067e+00 1.315299801052686145e-02
2.457137961087963078e+06 9.454278906229339752e-01 1.185912789698827415e-02
2.457137961319444235e+06 1.008198385803896979e+00 1.213870465100602702e-02
